1403715534862142976.000000 0.367823124 -0.480321556 -1.130333662 -0.550489962 -0.625077784 -0.366399556 0.414716810
1403715534912143104.000000 0.435456753 -0.466302544 -1.146013975 -0.561384678 -0.619101882 -0.370746613 0.405101418
1403715535412143104.000000 1.030251741 -0.231599003 -1.290745139 -0.632564962 -0.575835466 -0.378162205 0.353932917
1403715535912143104.000000 1.575911164 0.222213477 -1.396229863 -0.590803921 -0.581099570 -0.399123162 0.392396003
1403715536412143104.000000 2.046797514 0.766430020 -1.487940788 -0.540375531 -0.647428572 -0.377038389 0.382978737
1403715536912143104.000000 2.234375238 1.396299839 -1.494455457 -0.477211326 -0.638038099 -0.432413757 0.422131568
1403715537212143104.000000 2.159819126 1.649387240 -1.464309096 -0.430300683 -0.612043381 -0.484643072 0.453172535
1403715537362142976.000000 2.064574003 1.689057827 -1.438542247 -0.437955052 -0.591786325 -0.473486960 0.483522981
1403715537512143104.000000 1.948117495 1.663115859 -1.414100051 -0.483526170 -0.596928358 -0.420161784 0.483056068
1403715537662142976.000000 1.830092669 1.594959378 -1.386359215 -0.521893322 -0.609840930 -0.375112861 0.463693678
1403715537912143104.000000 1.653074384 1.451138258 -1.319567323 -0.522538304 -0.590762138 -0.382652789 0.481176406
1403715538112143104.000000 1.538404584 1.301994920 -1.279855967 -0.535412192 -0.594418824 -0.370454580 0.471978277
1403715538512143104.000000 1.402238369 0.955728650 -1.276659608 -0.563504398 -0.557171583 -0.413387895 0.448478550
1403715540462142976.000000 1.234480023 -1.210701108 -1.453783870 -0.787862778 -0.321262300 -0.474937946 0.224714980
1403715540712143104.000000 1.394045591 -1.372666717 -1.385935903 -0.800092399 -0.328502148 -0.457657456 0.206126660
1403715541162142976.000000 1.856802821 -1.509302378 -1.295007586 -0.788791537 -0.309031755 -0.483655691 0.219964951
1403715541412143104.000000 2.188917398 -1.541709304 -1.260009408 -0.777521670 -0.291571081 -0.503912687 0.237735942
1403715542012143104.000000 3.080707312 -1.528342128 -1.216034412 -0.752190113 -0.356265038 -0.531347632 0.157971799
1403715542562142976.000000 3.613273382 -1.180994391 -1.152710915 -0.672143638 -0.398300201 -0.549473882 0.296071500
1403715542912143104.000000 3.751460552 -1.002785325 -1.136955261 -0.676115096 -0.429799616 -0.508105040 0.316180289
1403715543412143104.000000 3.860033512 -0.889326930 -1.205371976 -0.679511428 -0.413276821 -0.502682090 0.338787794
1403715543812143104.000000 3.911871910 -0.940910816 -1.269405007 -0.657405376 -0.414436489 -0.548620820 0.308343619
1403715544062142976.000000 3.873045444 -1.044719458 -1.331031084 -0.676930666 -0.391032100 -0.572740018 0.246632680
1403715544312143104.000000 3.748494148 -1.171357751 -1.449685335 -0.739917278 -0.300219268 -0.566810012 0.202773929
1403715544562142976.000000 3.573682785 -1.299873233 -1.632185459 -0.783682227 -0.194833487 -0.569280148 0.154279128
1403715544812143104.000000 3.372242212 -1.422983408 -1.730557323 -0.785189569 -0.150682896 -0.587860405 0.123256870
1403715545112143104.000000 3.083279610 -1.571334124 -1.681820154 -0.794269204 -0.144575015 -0.580106080 0.108218998
1403715545362142976.000000 2.819790840 -1.695313931 -1.672255874 -0.807298303 -0.114700042 -0.572512388 0.085690752
1403715545612143104.000000 2.553864717 -1.814835191 -1.683210254 -0.813676715 -0.067276016 -0.567745447 0.105210513
1403715545862142976.000000 2.304180861 -1.968515873 -1.671184301 -0.813779473 -0.071657956 -0.565910876 0.111234359
1403715546112143104.000000 2.070315838 -2.151716709 -1.654326200 -0.803425431 -0.144306824 -0.565304816 0.118801229
1403715546362142976.000000 1.840693593 -2.329479694 -1.626896739 -0.781390071 -0.237853125 -0.548981309 0.177411750
1403715546612143104.000000 1.609396577 -2.501546860 -1.588805914 -0.748834193 -0.336520284 -0.517174840 0.241933316
1403715546862142976.000000 1.387114286 -2.663472176 -1.560904026 -0.718470991 -0.443480045 -0.453636885 0.285199136
1403715547112143104.000000 1.192071676 -2.780747652 -1.530925393 -0.660631180 -0.536695421 -0.413884878 0.322837263
1403715547412143104.000000 0.965241075 -2.829132318 -1.495564818 -0.581635058 -0.624994040 -0.371521264 0.364767104
1403715547712143104.000000 0.705174148 -2.772416592 -1.477078319 -0.511792719 -0.695693016 -0.314559788 0.393867403
1403715547962142976.000000 0.439786732 -2.633934259 -1.462070107 -0.442876488 -0.736494601 -0.277215898 0.429636508
1403715548212143104.000000 0.133946389 -2.436494589 -1.447126627 -0.393544853 -0.732671440 -0.277926743 0.480699360
1403715548412143104.000000 -0.124636516 -2.273086071 -1.456350446 -0.380532533 -0.728609085 -0.287677735 0.491493046
1403715548712143104.000000 -0.529462039 -2.045619726 -1.522928953 -0.397401154 -0.720846832 -0.282153845 0.492789388
1403715548912143104.000000 -0.802652478 -1.903510451 -1.564843893 -0.406938642 -0.714420617 -0.283374667 0.493662775
1403715549212143104.000000 -1.213891387 -1.699207187 -1.614196658 -0.385428399 -0.709769547 -0.281418473 0.518146574
1403715549512143104.000000 -1.590132117 -1.540508628 -1.651546359 -0.379748315 -0.701864004 -0.254745066 0.546153069
1403715549762142976.000000 -1.837045312 -1.430819392 -1.686650872 -0.411431581 -0.701817930 -0.225335240 0.536096811
1403715550062142976.000000 -2.021036863 -1.261600137 -1.710488677 -0.486592412 -0.653880239 -0.240472257 0.527106941
1403715550562142976.000000 -1.985228419 -0.879140496 -1.604757190 -0.590272963 -0.577755272 -0.362895459 0.431374133
1403715550662142976.000000 -1.946825981 -0.795421481 -1.581053734 -0.613283694 -0.552512765 -0.379594326 0.417757154
1403715551062142976.000000 -1.713173866 -0.471571982 -1.594656348 -0.704480112 -0.432172716 -0.420899361 0.373869389
1403715551312143104.000000 -1.460173726 -0.299060792 -1.566673756 -0.741617203 -0.359767973 -0.458386570 0.332344383
1403715551612143104.000000 -1.057817101 -0.156435102 -1.501037955 -0.775637090 -0.263860166 -0.502108991 0.276859790
1403715551962142976.000000 -0.518476009 -0.121602863 -1.420564651 -0.769938707 -0.156956568 -0.586893797 0.195229873
1403715552262142976.000000 -0.123029880 -0.207865268 -1.365207434 -0.774967253 -0.084685922 -0.618126214 0.100866057
1403715552512143104.000000 0.110141270 -0.326153219 -1.329253912 -0.768938959 -0.005606313 -0.638619363 0.029443042
1403715552762142976.000000 0.229706898 -0.460832417 -1.306442618 0.759248495 -0.104626693 0.641821682 0.025689498
1403715552962142976.000000 0.238624126 -0.581635833 -1.304402947 0.753168941 -0.201948375 0.622499228 0.066695020
1403715553162142976.000000 0.175625637 -0.724195540 -1.317733765 0.736320198 -0.293962538 0.600576103 0.103571065
1403715554662142976.000000 -1.559053659 -1.673436880 -1.589468956 0.756717026 -0.303702086 0.391472191 0.426490426
1403715557162142976.000000 -0.539541364 -1.037214756 -1.200479984 0.745378852 -0.407984048 0.463267714 0.251679242
1403715557562142976.000000 -0.594205260 -1.355633736 -1.244591832 0.740850329 -0.414989471 0.464135528 0.251997590
1403715557862142976.000000 -0.564701200 -1.682946563 -1.274405003 0.723740876 -0.404163152 0.482820928 0.282374471
1403715558362142976.000000 -0.430365741 -2.236171007 -1.165910244 0.719054759 -0.410878986 0.471792340 0.302573711
1403715558912143104.000000 -0.193310440 -2.753224850 -1.131827235 0.692729533 -0.378645152 0.527781606 0.313369244
1403715559162142976.000000 -0.099411681 -2.877864838 -1.137723446 0.715556860 -0.330503047 0.539017618 0.296995372
1403715560062142976.000000 0.249438971 -2.752108335 -1.298555255 0.803337574 -0.185974881 0.534808099 0.184505716
1403715560412143104.000000 0.479199886 -2.550278187 -1.330087185 0.818738043 -0.132205844 0.547796905 0.110037893
1403715561162142976.000000 1.123554707 -2.016298294 -1.303710580 -0.828184962 -0.050855342 -0.558036387 0.010904696
1403715561412143104.000000 1.362140179 -1.804316044 -1.299904585 -0.824613690 -0.075312518 -0.554852605 0.080492631
1403715561762142976.000000 1.709702253 -1.537787080 -1.286303997 -0.800007820 -0.152024806 -0.571889281 0.099089295
1403715562062142976.000000 1.967829704 -1.308564901 -1.261053920 -0.759643018 -0.213455588 -0.597310901 0.143523425
1403715562612143104.000000 2.125264168 -0.916090488 -1.207986474 -0.750759542 -0.292176247 -0.580350161 0.119109057
1403715562862142976.000000 2.063173532 -0.682531357 -1.194149971 -0.765960217 -0.288101047 -0.545612752 0.180580691
1403715563812143104.000000 1.586822152 0.143657684 -1.234089494 -0.585464954 -0.521613777 -0.497066289 0.371584564
1403715564112143104.000000 1.315816283 0.257955581 -1.384145737 -0.535589695 -0.575696528 -0.411105126 0.461204767
1403715565062142976.000000 0.677698374 0.104664311 -1.356387734 -0.197944999 -0.786584556 -0.174751922 0.558179438
1403715565662142976.000000 0.383605152 -0.195748344 -1.122271776 0.000915365 -0.788591862 0.001961638 0.614913225
1403715565912143104.000000 0.353816628 -0.339920759 -1.052282929 0.114126034 -0.787534118 0.084365480 0.599706531
1403715566212143104.000000 0.400962830 -0.499140590 -0.961092353 0.261666387 -0.753809094 0.189980194 0.572022736
1403715566712143104.000000 0.624298453 -0.663243115 -0.897168338 0.458624005 -0.647690475 0.335514396 0.507534504
1403715567062142976.000000 0.877794087 -0.672205329 -0.924743891 0.584958613 -0.540784419 0.435787022 0.418885797
1403715567562142976.000000 1.277284622 -0.518218935 -0.989239156 0.760570705 -0.307297349 0.526055217 0.224425018
1403715567812143104.000000 1.468197227 -0.404771745 -1.090316415 0.796687663 -0.174090743 0.562406063 0.136677444
1403715568112143104.000000 1.679887295 -0.235580087 -1.209484220 0.805480659 -0.013671513 0.591247916 0.037945736
1403715568462142976.000000 1.851947784 0.017688125 -1.325845242 -0.785823822 -0.147007048 -0.594708383 0.084805191
1403715568762142976.000000 1.905784488 0.256424606 -1.385804415 -0.751545429 -0.278240293 -0.570788085 0.178781450
1403715569162142976.000000 1.851304412 0.567212701 -1.430607438 -0.698870838 -0.422827482 -0.505202889 0.278507829
1403715569462142976.000000 1.759684443 0.783603013 -1.455071330 -0.642152846 -0.476334542 -0.489402294 0.348181844
1403715571912143104.000000 0.458586425 0.170298547 -1.727215052 -0.194954604 -0.833925843 0.016141109 0.516042650
1403715572212143104.000000 0.334106088 0.193165347 -1.817924619 -0.163397074 -0.865895867 -0.023614410 0.472195029
1403715572512143104.000000 0.056374036 0.333659261 -1.877711296 -0.035880394 -0.821049333 -0.087641276 0.562947333
1403715572762142976.000000 -0.195549846 0.380277365 -1.938695669 0.030052871 -0.810483694 -0.046309404 0.583154023
1403715573112143104.000000 -0.503811240 0.316473335 -1.934148312 0.106819823 -0.804239988 0.050290357 0.582459092
1403715573412143104.000000 -0.718118548 0.210397616 -1.862772942 0.178472236 -0.795993567 0.129988223 0.563600004
1403715573712143104.000000 -0.914303303 0.116225019 -1.803828835 0.254415095 -0.784420013 0.193234801 0.531618774
1403715573962142976.000000 -1.088559151 0.042854100 -1.756665587 0.341869116 -0.768889606 0.214520067 0.495898724
1403715574312143104.000000 -1.360190988 -0.130394965 -1.680714607 0.457036793 -0.701509356 0.289330751 0.463993341
1403715574562142976.000000 -1.552867889 -0.296958208 -1.631077886 0.522797287 -0.638500988 0.302856207 0.476736426
1403715574812143104.000000 -1.677370906 -0.489074975 -1.602573633 0.555201888 -0.620180547 0.317478776 0.454240412
1403715575112143104.000000 -1.741639972 -0.756925762 -1.556661725 0.540767133 -0.616270840 0.360448033 0.444812924
1403715575412143104.000000 -1.754367352 -1.006265759 -1.498387575 0.523730755 -0.608009994 0.363732457 0.472999632
1403715575762142976.000000 -1.673482299 -1.235661149 -1.423141003 0.529813051 -0.601550519 0.315833211 0.507626355
1403715576012143104.000000 -1.501068473 -1.382352948 -1.371934414 0.515654624 -0.622643650 0.324248493 0.491200775
1403715576262142976.000000 -1.258071423 -1.518010020 -1.329937935 0.499428302 -0.637932539 0.347092539 0.472377211
1403715576512143104.000000 -0.990459204 -1.635184646 -1.277424812 0.487046808 -0.617463708 0.368580222 0.495653868
1403715577012143104.000000 -0.357934773 -1.671317458 -1.163725138 0.469815880 -0.651188016 0.334166437 0.493518084
1403715577262142976.000000 -0.004991412 -1.622101426 -1.125092387 0.434319794 -0.683200300 0.336489171 0.481018484
1403715577512143104.000000 0.333966821 -1.557071567 -1.181011677 0.427364051 -0.687293231 0.321340293 0.491658896
1403715577812143104.000000 0.726944208 -1.453801274 -1.217029214 0.418314368 -0.694961369 0.324742377 0.486399174
1403715578062142976.000000 1.022741079 -1.341541886 -1.266093850 0.381602645 -0.722967625 0.327457011 0.473781794
1403715578312143104.000000 1.250240088 -1.198044181 -1.385844469 0.320620328 -0.771594822 0.303490907 0.457970768
1403715578562142976.000000 1.369683146 -1.025747895 -1.505978703 0.281745613 -0.798863053 0.220738396 0.483437568
1403715578812143104.000000 1.408998489 -0.877968788 -1.629994154 0.272025943 -0.839983582 0.143716544 0.446961939
1403715579012143104.000000 1.360555172 -0.835086763 -1.706752062 0.270490885 -0.828311920 0.122866884 0.475013435
1403715579312143104.000000 1.221562743 -0.925547242 -1.743011355 0.301013470 -0.766011119 0.081107385 0.562173784
1403715579612143104.000000 1.164128542 -1.191302896 -1.766371369 0.283149898 -0.779500067 0.104128942 0.548965394
1403715579912143104.000000 1.174077392 -1.580133677 -1.753777146 0.276076227 -0.770499647 0.125672594 0.560641408
1403715580762142976.000000 1.429612875 -2.806062698 -1.785913706 0.049775850 -0.821415126 0.118454956 0.555669010
1403715581012143104.000000 1.489708543 -3.048231125 -1.797100902 0.003636704 -0.836097360 0.148642614 0.528046668
1403715581512143104.000000 1.377045035 -3.151962519 -1.764352202 0.065665260 -0.830448627 0.106857404 0.542793393
1403715581812143104.000000 1.214488029 -3.114619493 -1.793655872 0.192166582 -0.801888168 0.093605548 0.557929695
1403715582562142976.000000 0.947898388 -3.202857256 -1.792729974 0.312004238 -0.765755951 0.188012064 0.530021369
1403715582812143104.000000 0.905131340 -3.267745972 -1.771058798 0.307437241 -0.782637775 0.175488740 0.512019634
1403715583062142976.000000 0.848531902 -3.375472784 -1.800834894 0.299105048 -0.803447425 0.157948643 0.489959925
1403715583362142976.000000 0.734169662 -3.581539869 -1.870521545 0.263557315 -0.767215729 0.191978529 0.552323937
1403715583612143104.000000 0.652461767 -3.744262934 -1.930931091 0.239666417 -0.720967293 0.227984220 0.608924806
1403715583862142976.000000 0.664946258 -3.807579756 -1.982767940 -0.227250010 0.656641245 -0.249987304 -0.674304128
1403715584112143104.000000 0.862686515 -3.694066286 -1.959657073 0.222173452 -0.683736980 0.268572360 0.641101837
1403715584312143104.000000 1.117930651 -3.473494291 -1.878063440 0.236397818 -0.752267718 0.256297946 0.559035659
1403715584612143104.000000 1.487933278 -3.056100607 -1.820928216 0.260614812 -0.796741068 0.225147948 0.496580482
1403715585112143104.000000 1.874735475 -2.425873041 -1.746751904 0.305116087 -0.816808343 0.146764576 0.467106581
1403715585812143104.000000 1.979869366 -2.199791193 -1.635747194 0.305825204 -0.783932567 0.165923208 0.514188945
1403715586112143104.000000 1.958640218 -2.255952597 -1.710134268 0.262149483 -0.791277349 0.223087609 0.505360901
1403715586362142976.000000 1.893396020 -2.288113117 -1.710987568 0.273351699 -0.755971670 0.205660656 0.558112442
1403715586862142976.000000 1.888315558 -2.294188738 -1.708501816 0.276942551 -0.761636078 0.197246104 0.551640570
1403715587362142976.000000 1.994446635 -2.279746294 -1.667485833 0.275722504 -0.760376990 0.199256539 0.553263664
1403715587862142976.000000 2.103519440 -2.196063042 -1.596746445 0.194744855 -0.795180261 0.207517907 0.535443008
1403715588112143104.000000 2.110566616 -2.066577911 -1.560461044 0.127727941 -0.795142651 0.133540899 0.577581763
1403715588312143104.000000 2.124500990 -1.935397029 -1.589451432 0.064213321 -0.789762497 0.079875775 0.604790747
1403715588612143104.000000 2.208989859 -1.711063623 -1.701931715 -0.026467001 -0.793067038 0.012960104 0.608421206
1403715588912143104.000000 2.358245373 -1.461083651 -1.817059278 -0.101973891 -0.826584816 -0.054132607 0.550843477
1403715589212143104.000000 2.459486246 -1.203012347 -1.904267669 -0.171256974 -0.844603658 -0.109295189 0.495348752
1403715589712143104.000000 2.276203871 -0.712290347 -1.833804727 -0.254530609 -0.838965118 -0.156620860 0.454776585
1403715590012143104.000000 1.931596160 -0.349143565 -1.656087637 -0.241124332 -0.784432411 -0.182753906 0.541411042
1403715590262142976.000000 1.622594118 -0.071828023 -1.532056570 -0.226658836 -0.785967112 -0.184460923 0.544844508
1403715590612143104.000000 1.162452221 0.227376714 -1.383164763 -0.131564423 -0.814908683 -0.172777504 0.537366390
1403715590862142976.000000 0.789238691 0.349165380 -1.290601134 -0.075086303 -0.827150881 -0.087964334 0.549950838
1403715591112143104.000000 0.400016308 0.418255329 -1.199103475 0.013641104 -0.828123093 -0.019013576 0.560057700
1403715591412143104.000000 -0.065437242 0.438248485 -1.107813835 0.154195815 -0.819476902 0.037318982 0.550716400
1403715591662142976.000000 -0.442935020 0.374886394 -1.066009998 0.244806916 -0.801517904 0.105530322 0.535258889
1403715591962142976.000000 -0.873334169 0.213148385 -1.114155293 0.341552734 -0.760837555 0.162195459 0.527409315
1403715592262142976.000000 -1.232674837 -0.047498755 -1.230402946 0.441526681 -0.696299493 0.209294558 0.525753915
1403715592562142976.000000 -1.429287314 -0.409799576 -1.258739829 0.534970582 -0.620993674 0.264590889 0.508099318
1403715592862142976.000000 -1.415898442 -0.816894352 -1.268882513 0.609468162 -0.554104090 0.333294541 0.458728611
1403715593112143104.000000 -1.271749973 -1.159848690 -1.278177381 0.639015555 -0.523323774 0.427643299 0.367304683
1403715593462142976.000000 -1.034846187 -1.621074200 -1.293629408 0.713597119 -0.405574203 0.474013358 0.318747699
1403715593962142976.000000 -0.586937666 -2.127897501 -1.304438949 0.770572007 -0.230677679 0.543579519 0.239849970
1403715594462142976.000000 -0.055594455 -2.307603359 -1.313781023 0.818860173 -0.072155863 0.557784796 0.114619732
1403715594812143104.000000 0.345426202 -2.254800558 -1.316062689 -0.840786457 -0.054592997 -0.538049936 -0.024496794
1403715595312143104.000000 1.033351660 -1.973099232 -1.331731558 -0.819244146 -0.205898464 -0.517280757 0.137351513
1403715595812143104.000000 1.805434227 -1.617688894 -1.352311373 -0.678938746 -0.401786000 -0.571896851 0.224820673
1403715596162142976.000000 2.075969219 -1.408803105 -1.314425111 -0.567734838 -0.443164468 -0.615792274 0.319503397
1403715596562142976.000000 1.937207222 -1.408796310 -1.206809759 -0.661886573 -0.522871375 -0.448894531 0.294966727
1403715596912143104.000000 1.702389121 -1.312787175 -1.105570316 -0.671701252 -0.582337737 -0.347604930 0.298112661
1403715597212143104.000000 1.534977913 -0.989655554 -1.027637482 -0.652106106 -0.593573272 -0.339817107 0.327036560
1403715597562142976.000000 1.390197754 -0.401700020 -0.937643826 -0.575143039 -0.578593254 -0.382534742 0.433713526
1403715597912143104.000000 1.298610568 0.163785309 -0.887840331 -0.513388753 -0.624778569 -0.360085905 0.465211570
1403715598262142976.000000 1.250514388 0.651884139 -0.863661349 -0.480072945 -0.621527553 -0.378230482 0.490076810
1403715598612143104.000000 1.239881754 0.973593473 -0.916813493 -0.459866881 -0.573466182 -0.406565636 0.542552710
1403715598912143104.000000 1.294480562 1.024801970 -0.988935471 -0.492113739 -0.616967082 -0.379978061 0.482485592
1403715599262142976.000000 1.371406674 0.967966735 -1.111679196 -0.505289078 -0.629883409 -0.364375859 0.463853538
1403715599612143104.000000 1.460651517 0.871603668 -1.270196915 -0.528936148 -0.612249732 -0.329595894 0.486562878
1403715599962142976.000000 1.651125789 0.762624681 -1.414630532 -0.512188911 -0.619943857 -0.358938903 0.473809034
1403715600312143104.000000 1.857704997 0.615114391 -1.559354067 -0.454388201 -0.679851592 -0.383550674 0.429210961
1403715600662142976.000000 1.900040269 0.430974424 -1.704542041 -0.395504206 -0.743535161 -0.278444946 0.461736262
1403715601012143104.000000 1.808667183 0.278451174 -1.733859181 -0.292740554 -0.783508897 -0.208425477 0.506927788
1403715601512143104.000000 1.549762607 0.101669773 -1.555342436 -0.236862406 -0.792030334 -0.197565719 0.526832104
1403715602012143104.000000 1.182513952 -0.130946770 -1.393245578 -0.252098709 -0.759443939 -0.206524000 0.563062191
1403715602362142976.000000 0.968923271 -0.353923887 -1.324314952 -0.316331089 -0.723843217 -0.243288368 0.562846720
1403715602862142976.000000 0.781176448 -0.750895798 -1.315235376 -0.422911167 -0.702152729 -0.312393755 0.480143577
1403715603212143104.000000 0.627533257 -1.028911948 -1.456179380 -0.489625752 -0.660792291 -0.353821725 0.445455223
1403715603512143104.000000 0.458726525 -1.249547005 -1.579716325 -0.534907460 -0.633989513 -0.362390965 0.424975574
1403715603812143104.000000 0.277655721 -1.427923799 -1.666153073 -0.564928174 -0.600873053 -0.344593793 0.448400408
1403715604162142976.000000 0.160235107 -1.557463527 -1.683944821 -0.570774853 -0.622850299 -0.336423278 0.416044474
1403715604562142976.000000 0.084808528 -1.573452830 -1.710959077 -0.552317917 -0.621828616 -0.365250856 0.418169707
1403715604862142976.000000 0.018492848 -1.540447831 -1.737885952 -0.543697655 -0.615146220 -0.378502399 0.427462280
1403715605162142976.000000 -0.058957122 -1.501454592 -1.751992226 -0.542536914 -0.618705869 -0.376979887 0.425138682
1403715605512143104.000000 -0.160010785 -1.438935518 -1.756664038 -0.544049621 -0.612506866 -0.364726543 0.442515403
1403715605812143104.000000 -0.227392256 -1.377996325 -1.815693259 -0.537771285 -0.618848324 -0.368885487 0.437895268
1403715606112143104.000000 -0.283268571 -1.309164047 -1.872092605 -0.528807759 -0.621478677 -0.376847208 0.438306838
1403715606362142976.000000 -0.338177025 -1.256919622 -1.934626102 -0.531800330 -0.619720280 -0.366073668 0.446234584
1403715606662142976.000000 -0.396550000 -1.197841644 -1.949994326 -0.531912029 -0.615908861 -0.355786890 0.459501445
1403715607012143104.000000 -0.421901196 -1.141060829 -1.988264084 -0.517162800 -0.615313053 -0.367484361 0.467854500
1403715607362142976.000000 -0.424835980 -1.122614026 -2.035571814 -0.513056457 -0.628575444 -0.371043056 0.451655865
1403715607562142976.000000 -0.433354825 -1.128278017 -2.049382925 -0.513161600 -0.628617406 -0.372894436 0.449950039
1403715607962142976.000000 -0.470968902 -1.162034035 -2.076786757 -0.511803210 -0.630269229 -0.376126736 0.446482658
1403715608162142976.000000 -0.470289648 -1.160014153 -2.078718185 -0.514231026 -0.633741438 -0.371590018 0.442559719
1403715608562142976.000000 -0.470282733 -1.160866976 -2.080839157 -0.513734818 -0.632761121 -0.372244239 0.443986684
1403715608862142976.000000 -0.470354021 -1.162015438 -2.081131935 -0.514023900 -0.632837176 -0.371948123 0.443791896
1403715609112143104.000000 -0.469741404 -1.164496183 -2.080343485 -0.514138699 -0.632633686 -0.371898174 0.443990856
