1403715273262142976.000000 0.000000000 0.000000000 0.000000000 -0.000000000 -0.000000000 -0.000000000 1.000000000
1403715278762142976.000000 -0.003656690 -0.030159090 0.009242142 0.024773585 0.003751062 0.009144248 0.999644220
1403715278812143104.000000 -0.004753253 -0.039105527 0.010777314 0.027558362 0.003286000 0.010258482 0.999562204
1403715278912143104.000000 -0.006957997 -0.058643997 0.011967055 0.032259844 0.002554153 0.011828800 0.999406278
1403715280212143104.000000 -0.008528253 -0.120775156 0.032326326 -0.003720866 0.005201319 -0.001993055 0.999977589
1403715280312143104.000000 -0.009291005 -0.129515782 0.034227572 -0.000652888 0.008450558 -0.010008854 0.999913990
1403715280412143104.000000 -0.010500923 -0.139695600 0.038038250 0.005135525 0.012141619 -0.014508726 0.999807835
1403715281812143104.000000 -0.044840012 -0.250385284 0.160939351 0.005250541 0.249502093 0.099807136 0.963202834
1403715282512143104.000000 -0.040391028 -0.259129077 0.265996456 -0.004344732 0.423549473 0.165234640 0.890665174
1403715283712143104.000000 -0.027683139 -0.265120387 0.482130617 0.000038200 0.627986848 0.255116969 0.735219598
1403715284062142976.000000 -0.023818314 -0.263504654 0.527796447 0.002236697 0.638592243 0.259815663 0.724355400
1403715284512143104.000000 -0.005736411 -0.260384560 0.574844062 0.004974810 0.628033042 0.265212983 0.731581748
1403715284812143104.000000 0.017946482 -0.256889164 0.592179000 0.000937982 0.629977405 0.244705573 0.737052798
1403715285262142976.000000 0.049907804 -0.263788104 0.608008385 0.019732719 0.682007074 0.266918629 0.680611074
1403715285562142976.000000 0.054450810 -0.297281206 0.597474635 0.011637704 0.692806363 0.299819440 0.655737936
1403715285712143104.000000 0.058953524 -0.323713809 0.581819296 0.012428159 0.694864988 0.304998100 0.651140809
1403715286162142976.000000 0.085562766 -0.374136984 0.518924236 -0.009487701 0.704742849 0.288864017 0.647923648
1403715286312143104.000000 0.098784924 -0.385546446 0.498184711 -0.008103572 0.703686297 0.292754918 0.647344172
1403715286762142976.000000 0.156715274 -0.407740980 0.443336338 -0.001513706 0.721645057 0.279677808 0.633250713
1403715287062142976.000000 0.200616300 -0.413302034 0.415090531 -0.015761057 0.737151802 0.293377638 0.608513236
1403715287212143104.000000 0.223955035 -0.418046504 0.403548568 -0.013458125 0.744452000 0.288633615 0.601914227
1403715288312143104.000000 0.365973353 -0.462853432 0.317487061 0.005128301 0.831568599 0.318403840 0.455067456
1403715288512143104.000000 0.374867082 -0.447690427 0.308094472 0.005648755 0.836417139 0.322178364 0.443368465
1403715289512143104.000000 0.374590814 -0.363317817 0.255607367 -0.022436496 0.863532782 0.337151140 0.374348730
1403715289962142976.000000 0.397661209 -0.287911087 0.257591456 -0.018941278 0.874337733 0.350693583 0.334945887
1403715290162142976.000000 0.418936610 -0.283214569 0.247688532 -0.019163201 0.872063339 0.346551955 0.345021874
1403715290362142976.000000 0.446087360 -0.291318059 0.232904509 -0.022945274 0.864364147 0.353120536 0.357287079
1403715290512143104.000000 0.470021158 -0.294617057 0.220019758 -0.018446177 0.859544694 0.359570324 0.362700909
1403715291162142976.000000 0.601384878 -0.283783317 0.160944968 0.017800748 0.869800806 0.349801272 0.347517997
1403715291562142976.000000 0.655610502 -0.252480328 0.115095228 0.021356924 0.878448725 0.360472381 0.312939912
1403715291712143104.000000 0.667906642 -0.234987125 0.094998479 0.021433417 0.880628645 0.367164493 0.298703969
1403715291862142976.000000 0.674133778 -0.213933721 0.068426251 0.004947924 0.884942770 0.364360005 0.289988905
1403715292012143104.000000 0.682176471 -0.194504231 0.041245043 -0.011769214 0.887345552 0.362465888 0.284776986
1403715292362142976.000000 0.708897114 -0.141085476 -0.024107277 -0.021063397 0.876191080 0.358727396 0.321185738
1403715292512143104.000000 0.727075100 -0.118506610 -0.051810026 -0.022856817 0.864419341 0.352715611 0.357558966
1403715296262142976.000000 0.905999899 0.073389225 -0.432759911 0.017364448 0.307448149 0.141062275 0.940890849
1403715296512143104.000000 0.901083469 0.110039711 -0.457622647 -0.005938735 0.273090512 0.138226837 0.951987267
1403715296812143104.000000 0.922012508 0.122181840 -0.491544962 0.004001915 0.258591086 0.112335645 0.959424496
1403715300512143104.000000 1.118506074 0.045745365 -0.344494879 0.053420890 -0.339784205 -0.112665899 0.932201326
1403715300962142976.000000 1.123867869 0.023340076 -0.302384734 0.053670473 -0.327457190 -0.113804005 0.936450720
1403715301212143104.000000 1.142327070 0.020180270 -0.292140990 0.069169439 -0.315372407 -0.123824909 0.938308716
1403715301412143104.000000 1.160115123 0.026843831 -0.300144672 0.074853569 -0.311888427 -0.128969029 0.938344061
1403715302212143104.000000 1.232623816 0.115666591 -0.405764848 0.033239100 -0.296362936 -0.130780503 0.945494890
1403715304212143104.000000 1.091999531 0.246229351 -0.654653788 0.034288216 -0.539215684 -0.181963697 0.821559489
1403715304512143104.000000 1.078067899 0.264493763 -0.668235064 0.028197404 -0.534975052 -0.188586712 0.823068440
1403715304762142976.000000 1.073095202 0.296287596 -0.667468846 0.033796489 -0.523249269 -0.192253038 0.829522073
1403715305012143104.000000 1.074115634 0.314363539 -0.674690068 0.031401422 -0.515924931 -0.195346296 0.833471775
1403715305212143104.000000 1.076464653 0.310406506 -0.691709757 0.025384909 -0.515740156 -0.194792524 0.833920658
1403715305812143104.000000 1.083285928 0.263347805 -0.748109400 0.021344623 -0.534340560 -0.197137922 0.821681917
1403715306962142976.000000 1.152430773 0.085874677 -0.745307386 0.075259425 -0.417823195 -0.135831296 0.895159006
1403715308212143104.000000 1.378525257 0.214754984 -0.742102921 0.006632572 -0.106540002 -0.061102141 0.992407084
1403715308462142976.000000 1.389416933 0.243442699 -0.730284572 0.005759721 -0.067123115 -0.042057820 0.996841252
1403715308762142976.000000 1.388368845 0.252036035 -0.715745389 0.003243918 -0.060559019 -0.019885410 0.997961223
1403715309062142976.000000 1.387099981 0.227986902 -0.696390808 0.004163431 -0.070642948 -0.010706377 0.997435570
1403715309362142976.000000 1.397497892 0.199257135 -0.662506640 0.031707592 -0.093368076 -0.001583886 0.995125413
1403715310362142976.000000 1.523021579 0.143191591 -0.582348585 0.054307479 -0.083794810 -0.018537244 0.994829416
1403715310662142976.000000 1.587790728 0.140501112 -0.585143626 0.031479720 -0.033488762 -0.017023984 0.998798132
1403715312012143104.000000 1.840027690 0.104734868 -0.553126097 0.008587880 0.004676530 0.008751967 0.999913931
1403715312312143104.000000 1.899858475 0.081732266 -0.512933552 0.010482401 0.017070454 0.004387499 0.999789715
1403715313312143104.000000 2.044120789 0.005345612 -0.398205638 0.043688945 0.000052048 -0.015505600 0.998924851
1403715313562142976.000000 2.055504084 -0.015875587 -0.406131774 0.028359780 0.001569289 -0.010972566 0.999536335
1403715313762142976.000000 2.062295198 -0.030909974 -0.415609628 0.024880419 0.015963154 -0.011917477 0.999491990
1403715314562142976.000000 2.035677195 -0.068340845 -0.449258715 0.005856386 0.120878726 0.028274134 0.992247283
1403715317012143104.000000 1.764485359 -0.032507092 -0.363729864 0.006509179 0.413177848 0.148966908 0.898359954
1403715317212143104.000000 1.749681473 -0.024562553 -0.331664801 0.004464749 0.455020398 0.171903789 0.873719454
1403715317412143104.000000 1.732252359 -0.019896060 -0.297644198 0.001065428 0.503104627 0.193914622 0.842188656
1403715317662142976.000000 1.712874889 -0.018976361 -0.258687437 0.004242554 0.557334602 0.221685350 0.800134897
1403715317962142976.000000 1.692822933 -0.017526925 -0.219003797 0.016984316 0.608419180 0.261757791 0.749013007
1403715319062142976.000000 1.691356897 0.055333793 -0.230440736 -0.032967772 0.718992770 0.300034434 0.626052618
1403715319312143104.000000 1.738845229 0.070251167 -0.239030242 -0.031660117 0.755387545 0.292428344 0.585553467
1403715319562142976.000000 1.796519518 0.082523406 -0.241995811 -0.025360744 0.786236644 0.297248721 0.541139662
1403715319762142976.000000 1.847196579 0.080208838 -0.241989851 -0.022317275 0.799318194 0.303275853 0.518281996
1403715320212143104.000000 1.980026245 0.016935825 -0.238981962 -0.022387318 0.820794225 0.307903141 0.480615526
1403715320412143104.000000 2.042514086 -0.009590149 -0.230952740 -0.003316884 0.848740995 0.307464957 0.430224419
1403715320812143104.000000 2.142582417 -0.063297153 -0.202325344 0.038341504 0.886115611 0.341812193 0.310633987
1403715321212143104.000000 2.180849552 -0.100305259 -0.178792238 0.030784491 0.891613603 0.363245338 0.268570960
1403715321462142976.000000 2.174200058 -0.111066818 -0.179148436 0.029364610 0.891822934 0.364036709 0.266958535
1403715321712143104.000000 2.149818182 -0.118470788 -0.196361780 0.020963173 0.892175019 0.359004319 0.273313314
1403715321912143104.000000 2.112946510 -0.118816435 -0.216697216 0.038568601 0.900843084 0.343256503 0.263000280
1403715322112143104.000000 2.059835434 -0.119580090 -0.241289377 0.034077365 0.901781142 0.354894131 0.244294241
1403715322362142976.000000 1.979598165 -0.113930166 -0.276732922 -0.009172678 0.905978501 0.362256557 0.218835682
1403715322612143104.000000 1.894815922 -0.085289657 -0.309502482 -0.026608186 0.909256279 0.373774946 0.181210950
1403715322812143104.000000 1.839204788 -0.050987124 -0.338136554 -0.029849984 0.910694897 0.375954956 0.168528199
1403715323012143104.000000 1.796533823 -0.026648045 -0.377992749 -0.035588421 0.912576735 0.372298956 0.165319726
1403715323262142976.000000 1.760187984 -0.006254852 -0.441486478 -0.041327547 0.913482070 0.368374556 0.167757928
1403715323912143104.000000 1.766727209 0.045551300 -0.628461361 -0.023499310 0.937621772 0.304623127 0.165885225
1403715324112143104.000000 1.783108234 0.043885946 -0.665694952 -0.012313780 0.943496108 0.285428911 0.167910203
1403715324962142976.000000 1.791105986 -0.013446689 -0.667655587 -0.014016892 0.921746850 0.346598864 0.173365340
1403715325312143104.000000 1.778593302 -0.029800296 -0.657878876 -0.009181336 0.926050723 0.332044929 0.179142460
1403715326212143104.000000 1.692138195 -0.043986559 -0.610521913 -0.008928145 0.916086912 0.361124724 0.174051836
1403715326462142976.000000 1.653366089 -0.033414900 -0.614611149 -0.015128911 0.926520944 0.335444331 0.169726968
1403715326712143104.000000 1.617362261 -0.024687648 -0.607451200 -0.014413843 0.932045996 0.322288781 0.164961874
1403715326962142976.000000 1.580291629 -0.019950688 -0.583040953 -0.004403948 0.923895895 0.347893625 0.159270540
1403715327412143104.000000 1.496384859 -0.019730568 -0.544223428 0.015952459 0.915732205 0.371715248 0.151683271
1403715327662142976.000000 1.434330344 -0.014873803 -0.539063215 0.003890328 0.913775861 0.370905578 0.165612653
1403715327912143104.000000 1.368242979 -0.003133833 -0.542043686 -0.007911490 0.906532824 0.365530938 0.211004198
1403715328162142976.000000 1.303096890 0.010633588 -0.555278063 -0.015243279 0.904123247 0.346572131 0.249432549
1403715328462142976.000000 1.233805060 0.023452520 -0.568890095 -0.023053184 0.912162542 0.324261695 0.249564439
1403715328962142976.000000 1.150211692 0.021058917 -0.546348453 -0.020093370 0.890404940 0.345483840 0.295662373
1403715329262142976.000000 1.122244596 0.020429611 -0.518176794 -0.009967329 0.854979634 0.336525768 0.394538790
1403715329562142976.000000 1.102672935 0.026180089 -0.490928888 -0.007227671 0.831119895 0.334236562 0.444379926
1403715330012143104.000000 1.088632107 0.049484313 -0.464687943 -0.002072874 0.830044866 0.327645123 0.451298028
1403715330312143104.000000 1.083859086 0.075991452 -0.445935965 -0.010868040 0.824585140 0.329298228 0.459895611
1403715331312143104.000000 1.071623445 0.025736988 -0.477799416 0.013126953 0.768141150 0.314623177 0.557493627
1403715331762142976.000000 1.043414354 -0.027207017 -0.551390052 -0.004033105 0.757769704 0.294260621 0.582391143
1403715332212143104.000000 1.021769404 -0.038655758 -0.609599650 0.003222875 0.760631979 0.315334469 0.567444205
1403715333112143104.000000 1.040016651 0.007035851 -0.786978126 0.029522017 0.746724427 0.267418146 0.608291507
1403715334312143104.000000 0.950857997 0.126815289 -1.028550863 0.002360313 0.694975972 0.288889319 0.658442020
1403715334712143104.000000 0.936719418 0.159182489 -1.119473338 -0.000568878 0.690675437 0.280197412 0.666675746
1403715335112143104.000000 0.939197302 0.197753131 -1.207981348 -0.005505749 0.691921115 0.275826991 0.667183876
1403715335712143104.000000 0.970483184 0.250996560 -1.319471598 -0.000323089 0.664616346 0.270496547 0.696503162
1403715336162142976.000000 1.011710167 0.288692445 -1.393815756 0.009999428 0.642927051 0.247041836 0.724924326
1403715336612143104.000000 1.051117897 0.325775385 -1.464715123 0.002069322 0.634145498 0.250124484 0.731637180
1403715337112143104.000000 1.100644588 0.347738773 -1.535412788 -0.000720541 0.633661628 0.245509461 0.733619511
1403715337462142976.000000 1.140156627 0.346570849 -1.572732210 0.001016098 0.595111609 0.251113057 0.763402522
1403715337862142976.000000 1.204653263 0.352089316 -1.619098186 0.009504884 0.583119690 0.238716468 0.776463568
1403715338262142976.000000 1.279382825 0.359620363 -1.667191148 0.014073738 0.589325488 0.239125416 0.771567523
1403715338612143104.000000 1.341266394 0.366908133 -1.710703850 0.017945712 0.556291819 0.231688365 0.797833264
1403715339012143104.000000 1.410751700 0.378058434 -1.771877766 0.006586070 0.509750962 0.206838876 0.835061848
1403715339412143104.000000 1.488139749 0.403692842 -1.824960232 0.004398774 0.500395119 0.196933359 0.843091190
1403715339812143104.000000 1.565266848 0.437829494 -1.860980034 -0.007036212 0.515560567 0.188859016 0.835751235
1403715340162142976.000000 1.620871067 0.461288959 -1.864965320 -0.016318452 0.501476109 0.158466250 0.850378752
1403715340512143104.000000 1.650605202 0.431817591 -1.838702321 0.001348198 0.414021224 0.156984076 0.896627367
1403715340912143104.000000 1.685478568 0.392881334 -1.797120452 0.002346544 0.367337614 0.167210981 0.914930701
1403715341212143104.000000 1.731178164 0.367635608 -1.765460730 0.009310469 0.379200429 0.164799482 0.910473287
1403715341562142976.000000 1.798567891 0.338908732 -1.736048222 0.015914924 0.407243729 0.151262254 0.900565922
1403715341862142976.000000 1.841640592 0.320378900 -1.713302135 0.008423304 0.424651414 0.126929566 0.896375537
1403715342212143104.000000 1.862669945 0.295550019 -1.674550295 0.001536616 0.402667195 0.166032434 0.900161147
1403715342562142976.000000 1.885188341 0.277015865 -1.630786180 -0.008339550 0.370126665 0.153125688 0.916236520
1403715342912143104.000000 1.918797612 0.253213733 -1.571739793 -0.001228591 0.321940154 0.116722673 0.939536512
1403715343362142976.000000 1.955138445 0.222496271 -1.475872874 0.005953035 0.299813241 0.118902795 0.946540415
1403715343762142976.000000 1.992972016 0.200267613 -1.380511880 -0.000264394 0.309309751 0.109948501 0.944583893
1403715344112143104.000000 2.019082308 0.165781379 -1.287170649 0.014171051 0.299009919 0.104277350 0.948429525
1403715344612143104.000000 2.013162613 0.123208754 -1.152814627 0.031125015 0.254406303 0.050159864 0.965294123
1403715345162142976.000000 1.898119450 0.083345763 -1.008003592 0.027325941 0.232918158 0.069170617 0.969648361
1403715348612143104.000000 1.022601843 -0.141769439 -0.471862227 0.013555935 0.000471245 0.029503694 0.999472618
1403715349112143104.000000 1.028033733 -0.090670325 -0.398222744 0.026471380 -0.036423925 0.019480251 0.998795867
1403715350462142976.000000 1.242711544 0.040070724 -0.324285269 -0.006495893 -0.134908348 -0.076642081 0.987868190
1403715350862142976.000000 1.268787265 0.059436180 -0.285786599 -0.003517648 -0.130777046 -0.071086995 0.988853693
1403715351212143104.000000 1.248214722 0.055316422 -0.234451219 0.004041220 -0.132613853 -0.076383010 0.988211989
1403715352762142976.000000 0.895799577 -0.059435800 -0.082880437 0.028827429 -0.238712505 -0.068274960 0.968258142
1403715354412143104.000000 0.739361703 -0.071168199 -0.003232114 0.015605079 -0.267091662 -0.088176861 0.959501624
1403715355062142976.000000 0.712101758 -0.105724506 0.022200760 0.019618466 -0.269962549 -0.087820031 0.958656847
1403715355462142976.000000 0.699825406 -0.160943180 0.033220761 0.020119548 -0.319348186 -0.118065886 0.940038562
1403715355862142976.000000 0.693084598 -0.205738813 0.053056911 0.024649253 -0.387184918 -0.149650440 0.909442186
1403715356212143104.000000 0.684319556 -0.238531500 0.073974684 0.029440377 -0.382054627 -0.173227206 0.907281578
1403715356462142976.000000 0.662743092 -0.254622340 0.082541414 0.019568332 -0.366451263 -0.169993490 0.914566994
1403715356812143104.000000 0.611132383 -0.266576380 0.096430562 0.007686445 -0.387399763 -0.146895275 0.910101175
1403715357112143104.000000 0.558350384 -0.279474616 0.112193674 0.011901977 -0.448481977 -0.162781969 0.878762960
1403715357612143104.000000 0.471657038 -0.341334850 0.157127544 0.027234722 -0.494447142 -0.203763455 0.844547629
1403715357862142976.000000 0.421301782 -0.364166766 0.175979480 0.040965024 -0.492157906 -0.217507243 0.841898501
1403715358062142976.000000 0.377514839 -0.366849840 0.188174993 0.040390633 -0.489069045 -0.225093290 0.841732264
1403715358612143104.000000 0.209397227 -0.360136986 0.183535159 0.040280491 -0.508802176 -0.224720344 0.830059409
1403715358862142976.000000 0.117228538 -0.354599386 0.164316177 0.040674936 -0.543050289 -0.202051729 0.814012945
1403715359112143104.000000 0.035260290 -0.341068149 0.151109964 0.037160467 -0.560087383 -0.200481594 0.802949786
1403715359712143104.000000 -0.104326665 -0.303329200 0.107301325 0.053357415 -0.553398907 -0.210489944 0.804112315
1403715359912143104.000000 -0.135708377 -0.294609547 0.077202693 0.041906796 -0.553906143 -0.206119895 0.805572093
1403715360112143104.000000 -0.163068384 -0.287465870 0.042160094 0.030669024 -0.553688765 -0.207613632 0.805844128
1403715360312143104.000000 -0.185641259 -0.276934505 0.008864790 0.029545786 -0.551829100 -0.207823738 0.807106555
1403715360512143104.000000 -0.205592915 -0.270662814 -0.019935504 0.013299784 -0.542585492 -0.179759666 0.820433140
1403715360712143104.000000 -0.221968293 -0.270876586 -0.038852587 0.011837132 -0.509907365 -0.162579939 0.844643176
1403715360912143104.000000 -0.230564535 -0.275012851 -0.043561123 0.024159256 -0.458593905 -0.163161263 0.873204708
1403715361162142976.000000 -0.236567646 -0.286954075 -0.046897821 0.025335684 -0.392615139 -0.148409382 0.907296062
1403715361412143104.000000 -0.250980318 -0.295392036 -0.051559210 0.025141472 -0.323967129 -0.131436884 0.936556280
1403715361612143104.000000 -0.263274640 -0.301644146 -0.055097263 0.023722785 -0.281766891 -0.121000655 0.951526940
1403715361812143104.000000 -0.275672913 -0.296790957 -0.057260282 0.015348231 -0.256361663 -0.109702013 0.960212827
1403715362012143104.000000 -0.299300790 -0.291570306 -0.057677198 0.009261993 -0.219669938 -0.092772461 0.971108973
1403715362212143104.000000 -0.324366659 -0.288894206 -0.050450504 0.009579110 -0.170850411 -0.076896571 0.982245028
1403715362662142976.000000 -0.413377374 -0.273265332 -0.019839808 0.010747335 -0.036212504 -0.028744398 0.998872817
1403715362912143104.000000 -0.475785583 -0.277841091 0.000604035 0.014853336 0.018643571 0.035118263 0.999098837
1403715363262142976.000000 -0.539231598 -0.293176591 0.024360290 0.025192065 0.082636870 0.096809439 0.991546512
1403715363812143104.000000 -0.519991100 -0.317470610 0.027467266 0.023221010 0.208970502 0.103741847 0.972126424
1403715364212143104.000000 -0.469507962 -0.332130343 0.010377198 0.027883872 0.315782279 0.134783134 0.938795805
1403715364662142976.000000 -0.421469629 -0.344419450 -0.033112660 0.025031051 0.337011397 0.161775634 0.927159905
1403715365212143104.000000 -0.346209824 -0.361334473 -0.109420471 0.007481229 0.405112863 0.150082082 0.901833117
1403715365812143104.000000 -0.300880998 -0.371350467 -0.174139187 0.025219722 0.491487205 0.201285318 0.846928895
1403715366562142976.000000 -0.278173864 -0.333875149 -0.306509852 0.017007288 0.541891754 0.222194090 0.810366511
1403715367262142976.000000 -0.243461028 -0.281929940 -0.464841425 -0.003802789 0.520807922 0.227421433 0.822814763
1403715368012143104.000000 -0.093755588 -0.242972910 -0.614565134 0.004060787 0.514396608 0.213496506 0.830541313
1403715368812143104.000000 0.124608576 -0.168665618 -0.789676905 0.018081222 0.526428163 0.207502872 0.824311256
1403715369562142976.000000 0.292860687 -0.077716112 -0.980149865 -0.004538161 0.423192769 0.172989473 0.889360428
1403715370312143104.000000 0.485426784 -0.019821543 -1.091377020 -0.001821817 0.359553725 0.132594720 0.923653901
1403715371162142976.000000 0.695377707 0.011825390 -1.132487297 -0.022032302 0.368344486 0.157190040 0.916039467
1403715372012143104.000000 0.977513671 0.026222991 -1.083274603 0.005886607 0.363706082 0.155566916 0.918412864
1403715372812143104.000000 1.284800291 -0.000649311 -1.052761078 0.015519190 0.312114537 0.123155080 0.941900492
1403715373612143104.000000 1.566117644 -0.030266128 -1.025295377 0.015259519 0.309585989 0.116090946 0.943634808
1403715374312143104.000000 1.728881240 -0.047556326 -0.986828268 0.017592113 0.154542521 0.055710066 0.986257315
1403715374912143104.000000 1.817779183 -0.075576708 -0.924316645 -0.007589077 0.099299714 0.029919371 0.994578719
1403715375662142976.000000 1.865775466 -0.138089463 -0.756427467 0.011360719 0.126938373 0.047998711 0.990683496
1403715376112143104.000000 1.858268619 -0.170568943 -0.639676630 0.021038728 0.136613175 0.045200728 0.989369035
1403715376512143104.000000 1.845310569 -0.185719892 -0.546369851 0.042079929 0.131216168 0.040711053 0.989623249
1403715376862142976.000000 1.811998844 -0.188241884 -0.485028207 0.031495381 0.125159040 0.031924713 0.991122663
1403715377212143104.000000 1.760474443 -0.188494936 -0.449031919 0.036354095 0.112896331 0.024368281 0.992642462
1403715377562142976.000000 1.678310513 -0.183196351 -0.426610678 0.037533257 0.104058400 0.027743224 0.993475437
1403715379262142976.000000 1.255391717 -0.132178679 -0.466771334 0.001398202 0.098348886 0.031021850 0.994667411
1403715380412143104.000000 0.962392688 -0.223940670 -0.360211402 0.021439392 0.100946411 0.037100784 0.993968666
1403715380912143104.000000 0.788519561 -0.261880785 -0.309068084 0.025261208 0.104113646 0.028446514 0.993837535
1403715381412143104.000000 0.614718676 -0.292881519 -0.270205796 0.032832190 0.107380025 0.043247800 0.992734194
1403715383512143104.000000 0.008472254 -0.391122580 0.004994068 -0.000609533 0.322981924 0.151736751 0.934161782
1403715384062142976.000000 -0.037486494 -0.426776171 0.138885871 0.010719117 0.421268821 0.180574000 0.888712943
1403715385762142976.000000 0.076858282 -0.503510714 0.287816942 0.018761711 0.638922155 0.278939515 0.716672361
1403715386712143104.000000 0.190132141 -0.499058485 0.196276978 0.034771256 0.648366213 0.255028725 0.716500223
1403715388662142976.000000 0.293702960 -0.197198331 -0.358691514 0.004367727 0.625316739 0.252225935 0.738472819
1403715389462142976.000000 0.411819339 -0.078751899 -0.615935802 -0.002425692 0.623395145 0.232827932 0.746434033
1403715390412143104.000000 0.555019677 0.022212625 -0.842675805 -0.020621017 0.515408039 0.205300227 0.831733823
1403715391312143104.000000 0.779977679 0.080069967 -0.886733115 -0.001698248 0.393103302 0.179516226 0.901798666
1403715392112143104.000000 1.104073167 0.049936682 -0.888448596 -0.006997772 0.345295608 0.149168298 0.926537037
1403715392912143104.000000 1.463466883 -0.029986659 -0.869993210 0.020880383 0.224228039 0.079568252 0.971058547
1403715393762142976.000000 1.692009091 -0.054572266 -0.832686007 0.028839583 -0.006412091 -0.026193863 0.999220252
1403715394412143104.000000 1.732458711 -0.054589011 -0.814022660 0.030544447 -0.205898732 -0.084622838 0.974428952
1403715395162142976.000000 1.723497629 -0.030846655 -0.849874318 0.027346691 -0.445513606 -0.181775868 0.876200557
1403715395762142976.000000 1.679456830 0.016541839 -0.894012570 0.021979341 -0.575623631 -0.233329862 0.783410192
1403715396162142976.000000 1.627089262 0.054929078 -0.919181824 0.006055903 -0.611913025 -0.219479099 0.759838641
1403715396712143104.000000 1.547441483 0.087444842 -0.921112061 0.038028516 -0.612942874 -0.240264624 0.751749814
1403715396962142976.000000 1.515438318 0.107359529 -0.924485564 0.023230091 -0.627428234 -0.249804929 0.737151027
1403715397212143104.000000 1.477674246 0.133157432 -0.926928997 0.001019513 -0.633166730 -0.258438557 0.729594648
1403715397462142976.000000 1.423972845 0.152388871 -0.923629045 -0.016729822 -0.641734719 -0.243158981 0.727165997
1403715397712143104.000000 1.355706692 0.159822315 -0.906098723 -0.008221657 -0.645775259 -0.234650522 0.726530015
1403715397962142976.000000 1.278151393 0.150922000 -0.874113560 0.016812060 -0.646092892 -0.229617134 0.727706909
1403715398212143104.000000 1.207604408 0.139836401 -0.836535811 0.044431727 -0.644372165 -0.222561195 0.730258107
1403715398612143104.000000 1.127130747 0.136829227 -0.775567532 0.045396324 -0.631752312 -0.230821863 0.738613188
1403715399262142976.000000 1.090010285 0.143974841 -0.752421916 0.065271482 -0.628997982 -0.231709078 0.739197016
1403715400012143104.000000 1.153995872 0.192487061 -0.862731576 0.016465025 -0.610211074 -0.263809055 0.746844113
1403715400262142976.000000 1.151810646 0.205098808 -0.917443752 0.028293202 -0.582535207 -0.259002626 0.769915462
1403715400562142976.000000 1.129635453 0.226165712 -0.996494830 0.026785284 -0.529251456 -0.239525214 0.813512862
1403715400912143104.000000 1.072339177 0.261851460 -1.100773096 -0.001024636 -0.451492637 -0.183778897 0.873142958
1403715401312143104.000000 0.977185369 0.299622953 -1.195453882 -0.013313479 -0.399443746 -0.170743242 0.900618792
1403715401712143104.000000 0.842073917 0.300378054 -1.255964994 0.007888245 -0.400141448 -0.143768400 0.905071974
1403715402162142976.000000 0.694700420 0.286004782 -1.283854127 0.036951542 -0.382241994 -0.135567695 0.913316488
1403715402562142976.000000 0.589543581 0.284018159 -1.296625614 0.055526536 -0.336395115 -0.145365044 0.928775668
1403715403012143104.000000 0.478093296 0.302147448 -1.354000449 0.022906207 -0.317236513 -0.109443523 0.941731632
1403715403462142976.000000 0.378859043 0.309413880 -1.399267316 -0.003047689 -0.304942816 -0.114192702 0.945494950
1403715403812143104.000000 0.297294825 0.294882536 -1.391436696 -0.011586030 -0.250604421 -0.088792011 0.963939428
1403715404262142976.000000 0.191902220 0.251425892 -1.326722860 0.008981026 -0.148926079 -0.064122386 0.986726284
1403715404662142976.000000 0.081452683 0.213983655 -1.248095155 0.023108711 -0.110122822 -0.061310504 0.991756022
1403715405162142976.000000 -0.075793006 0.194866225 -1.154654980 0.031140249 -0.069726840 -0.001300795 0.997079134
1403715405612143104.000000 -0.171500340 0.183440790 -1.084357381 0.012444155 0.067289002 0.052165005 0.996291220
1403715406112143104.000000 -0.235624433 0.170418262 -0.997636497 0.007721331 0.217379421 0.092127010 0.971699119
1403715406712143104.000000 -0.284524620 0.174887925 -0.870616257 0.005085440 0.363449365 0.174055114 0.915195882
1403715407312143104.000000 -0.267744333 0.185807213 -0.763903499 -0.017013252 0.481690079 0.218683496 0.848447263
1403715407812143104.000000 -0.186288685 0.164194167 -0.676857769 -0.014732218 0.506497741 0.196121424 0.839511395
1403715408262142976.000000 -0.089857221 0.090680026 -0.592001021 0.000628507 0.499875009 0.197836474 0.843199432
1403715408762142976.000000 0.017630681 0.020230275 -0.482756019 0.032518607 0.462318003 0.165687487 0.870489717
1403715409462142976.000000 0.073720850 -0.035524338 -0.385151416 0.034418389 0.315559328 0.125336364 0.939961970
1403715410162142976.000000 0.104878470 -0.118182167 -0.374482036 -0.008100065 0.337377340 0.139752552 0.930902898
1403715412462142976.000000 0.112325437 -0.126242965 -0.226204991 0.014397452 0.308547884 0.128491759 0.942380369
1403715413212143104.000000 0.088238046 -0.100158826 -0.232114494 0.010936164 0.313396960 0.123390608 0.941508114
1403715413912143104.000000 0.073469415 -0.019100940 -0.212222233 0.016504975 0.315881848 0.123519927 0.940579116
1403715414462142976.000000 0.053504184 -0.006925477 -0.220526457 -0.013983754 0.315956861 0.127652839 0.940042794
1403715414962142976.000000 0.043654837 -0.000052616 -0.186448798 0.019818598 0.312280059 0.148436412 0.938112497
1403715415762142976.000000 0.054336295 0.056351051 -0.156217515 0.013220887 0.344071567 0.121525757 0.930951953
1403715416512143104.000000 0.054393541 0.057113573 -0.156902716 0.012098521 0.344092190 0.121056408 0.931020737
1403715417062142976.000000 0.053205404 0.057127241 -0.156442821 0.011930411 0.344367117 0.121105514 0.930914819
1403715418212143104.000000 0.052557923 0.057657346 -0.156730428 0.011892716 0.344489008 0.120951578 0.930890203
