1403715273262142976.000000 0.000000000 0.000000000 0.000000000 -0.000000000 -0.000000000 -0.000000000 1.000000000
1403715278812143104.000000 -0.003798011 -0.036096897 0.009881190 0.027975280 0.003001012 0.010418462 0.999549866
1403715278912143104.000000 -0.005800135 -0.053981200 0.010885780 0.032825377 0.002249100 0.011908682 0.999387622
1403715279012143104.000000 -0.006798930 -0.072463535 0.011824078 0.033468850 0.002737913 0.010410959 0.999381781
1403715279812143104.000000 -0.012118178 -0.088680118 0.035122160 0.025746161 0.001491020 0.009414170 0.999623120
1403715280312143104.000000 -0.007557424 -0.120875917 0.031370770 -0.000335066 0.007936961 -0.010185041 0.999916613
1403715282112143104.000000 -0.038653921 -0.239556909 0.187443092 0.001900570 0.328744024 0.131408289 0.935230255
1403715282312143104.000000 -0.037359178 -0.241942853 0.218049988 -0.001196578 0.376740515 0.149759322 0.914131999
1403715282712143104.000000 -0.032690793 -0.245331049 0.285354108 -0.000360844 0.465108335 0.180597216 0.866636515
1403715282812143104.000000 -0.031780899 -0.245760232 0.303913295 0.003018910 0.483683825 0.191260278 0.854084492
1403715284112143104.000000 -0.020610213 -0.246623442 0.501255691 0.000969462 0.636749089 0.262087941 0.725161850
1403715284262142976.000000 -0.017886400 -0.245710999 0.517873526 0.004611989 0.630770326 0.271234244 0.727007210
1403715284412143104.000000 -0.011030376 -0.244410545 0.531316578 0.008844013 0.626416206 0.273403019 0.729914606
1403715284712143104.000000 0.009993494 -0.241613090 0.548990607 0.000979942 0.626808941 0.249340326 0.738199830
1403715284862142976.000000 0.021586299 -0.240150720 0.556964874 0.002908687 0.631478786 0.243589461 0.736131966
1403715285012143104.000000 0.033781409 -0.241562143 0.563800931 0.016055137 0.646778941 0.247175455 0.721334577
1403715285562142976.000000 0.052428961 -0.279526591 0.560567379 0.011061413 0.692067683 0.300011605 0.656439662
1403715286062142976.000000 0.074156344 -0.342907369 0.498411655 -0.009062114 0.703562856 0.288098663 0.649550915
1403715286462142976.000000 0.109531760 -0.369074434 0.448493838 -0.009939535 0.704524279 0.288520306 0.648307621
1403715286662142976.000000 0.135601401 -0.378019959 0.426422626 -0.007307947 0.711326838 0.283099473 0.643284917
1403715286812143104.000000 0.156192839 -0.382060111 0.409299821 -0.002309221 0.724792898 0.281115949 0.629002273
1403715287062142976.000000 0.190048993 -0.386508971 0.388902217 -0.015592628 0.736290336 0.293374956 0.609560966
1403715287962142976.000000 0.319011360 -0.427599967 0.331383705 0.011064300 0.793702662 0.310645401 0.522889137
1403715288262142976.000000 0.343778133 -0.434559971 0.301003456 0.007228892 0.827991545 0.318048596 0.461760640
1403715288662142976.000000 0.358332276 -0.417019904 0.277457386 0.008480031 0.835314035 0.325365156 0.443075657
1403715288812143104.000000 0.359472811 -0.422462523 0.263299465 0.003126774 0.835291743 0.323815525 0.444321424
1403715289112143104.000000 0.355309099 -0.402944028 0.245169431 -0.011495730 0.843562067 0.325833440 0.426735789
1403715289412143104.000000 0.353612483 -0.356653661 0.240004092 -0.021610677 0.857743919 0.331612498 0.392226309
1403715289762142976.000000 0.362201154 -0.292989701 0.242944509 -0.022920396 0.872792184 0.349266648 0.340178341
1403715291212143104.000000 0.576227903 -0.263460785 0.145705342 0.022048445 0.870170057 0.350972354 0.345161349
1403715291562142976.000000 0.619337916 -0.234939605 0.107915521 0.021346956 0.877953649 0.360693783 0.314072907
1403715291762142976.000000 0.632340550 -0.212794766 0.080419570 0.018203620 0.881186664 0.367769927 0.296519786
1403715291962142976.000000 0.641149938 -0.185902223 0.046953589 -0.007238317 0.886532485 0.362461269 0.287453622
1403715292112143104.000000 0.648975670 -0.165627211 0.020579457 -0.013980152 0.886620104 0.362326980 0.287103713
1403715292262142976.000000 0.660414636 -0.143163472 -0.005037546 -0.016528817 0.881884694 0.360723108 0.303125501
1403715292462142976.000000 0.681029677 -0.114305049 -0.039612889 -0.023528695 0.867993414 0.355699718 0.345704436
1403715292662142976.000000 0.707419515 -0.091479421 -0.075956404 -0.018478660 0.854448736 0.327795297 0.402648926
1403715293262142976.000000 0.799284041 -0.105618536 -0.169249296 0.004326447 0.771027803 0.298210293 0.562643826
1403715293512143104.000000 0.832896709 -0.129619300 -0.202303767 0.015579935 0.742529333 0.277000457 0.609654248
1403715295112143104.000000 0.895777941 -0.040024728 -0.342631757 0.007345492 0.494385868 0.187187046 0.848816633
1403715296512143104.000000 0.849579811 0.102901831 -0.428647429 -0.006429040 0.272477835 0.138350576 0.952141583
1403715296862142976.000000 0.873613536 0.117842197 -0.465233713 0.006932290 0.257153928 0.106082417 0.960505247
1403715297212143104.000000 0.903497756 0.132606968 -0.492585719 -0.006146205 0.196406692 0.096173055 0.975775242
1403715297662142976.000000 0.969140112 0.156552255 -0.493530303 -0.014225584 0.091857582 0.060299121 0.993842959
1403715300362142976.000000 1.063206434 0.053652585 -0.340040982 0.051468458 -0.333695650 -0.120797522 0.933491409
1403715300612143104.000000 1.052535772 0.037482888 -0.309893847 0.050835699 -0.341542214 -0.109536901 0.932076395
1403715301062142976.000000 1.065187931 0.019244716 -0.276359886 0.057175845 -0.323496252 -0.117985345 0.937102199
1403715301912143104.000000 1.136763573 0.077127501 -0.334558845 0.038293108 -0.308099926 -0.124412015 0.942406416
1403715304412143104.000000 1.019958615 0.242854640 -0.623411715 0.026575310 -0.540018439 -0.185859248 0.820445120
1403715304662142976.000000 1.013127565 0.266034722 -0.626603186 0.032837130 -0.528411388 -0.191221386 0.826521337
1403715305162142976.000000 1.014984369 0.293744266 -0.644178569 0.028187819 -0.516161859 -0.195015341 0.833517551
1403715305512143104.000000 1.019179583 0.286994100 -0.669554353 0.022445992 -0.522546411 -0.197249576 0.829176724
1403715305812143104.000000 1.021798372 0.247776866 -0.701622128 0.021146983 -0.534928024 -0.197559237 0.821203470
1403715305962142976.000000 1.023414612 0.224311322 -0.716115654 0.020456646 -0.536172986 -0.201020151 0.819567561
1403715306262142976.000000 1.024892688 0.183581412 -0.735594809 0.011607493 -0.538437963 -0.189190075 0.821070611
1403715307112143104.000000 1.122918844 0.071773395 -0.688931108 0.081628792 -0.368312836 -0.149387598 0.913983464
1403715307862142976.000000 1.264606714 0.158641636 -0.697317243 0.007158196 -0.192357793 -0.084469393 0.977656484
1403715308212143104.000000 1.299405456 0.203941092 -0.694355369 0.007412117 -0.107492730 -0.061099179 0.992299020
1403715308562142976.000000 1.309629440 0.238589317 -0.678574860 0.006278793 -0.062972546 -0.031782020 0.997489333
1403715309162142976.000000 1.308086514 0.206664771 -0.641240239 0.008994752 -0.078982018 -0.006600935 0.996813655
1403715309512143104.000000 1.328245640 0.178832620 -0.604391456 0.032432649 -0.096665293 -0.020393943 0.994579375
1403715310062142976.000000 1.382384658 0.147899687 -0.562770724 0.029311469 -0.120567076 -0.009746894 0.992224514
1403715310962142976.000000 1.546468973 0.133207649 -0.558442712 0.017148046 -0.016494391 -0.008691824 0.999679148
1403715311462142976.000000 1.626871824 0.129013017 -0.558097661 0.002907480 -0.012126598 0.015110431 0.999808073
1403715312262142976.000000 1.780110002 0.080001473 -0.485066563 0.009656234 0.015333916 0.001855369 0.999834120
1403715312862142976.000000 1.881157398 0.045961164 -0.393667758 0.039544724 0.019455029 -0.006219454 0.999009073
1403715313412143104.000000 1.930094123 -0.003758929 -0.372746348 0.035001855 -0.005339779 -0.013617958 0.999280214
1403715313662142976.000000 1.938201189 -0.020784540 -0.382054090 0.026423771 0.009460918 -0.013036422 0.999521077
1403715313862142976.000000 1.940907478 -0.036379855 -0.391939282 0.024359740 0.019615263 -0.009361877 0.999466956
1403715317162142976.000000 1.651719332 -0.021724463 -0.317967296 0.007266206 0.442060888 0.165447012 0.881564915
1403715317462142976.000000 1.624992371 -0.015182823 -0.267915905 0.001800018 0.514006495 0.199599624 0.834238529
1403715317762142976.000000 1.605427027 -0.014099568 -0.226911366 0.008006143 0.575501502 0.232076004 0.784139514
1403715318112143104.000000 1.585776329 -0.011035502 -0.193704605 0.020429019 0.627040565 0.272896677 0.729335427
1403715318512143104.000000 1.569653511 0.007600069 -0.194123626 0.000762589 0.660791099 0.275177658 0.698306382
1403715318812143104.000000 1.569930792 0.035604894 -0.202328801 -0.033894356 0.688040495 0.297802150 0.660882235
1403715319162142976.000000 1.609140158 0.061679959 -0.217189908 -0.030914269 0.733580053 0.293763131 0.612052262
1403715319462142976.000000 1.667715907 0.076734126 -0.224362850 -0.028354872 0.774084330 0.292870939 0.560549915
1403715319762142976.000000 1.738810658 0.075255334 -0.225018263 -0.022918407 0.798369527 0.303883195 0.519361019
1403715320212143104.000000 1.862944365 0.018478453 -0.221890450 -0.021679411 0.820010424 0.307288736 0.482375920
1403715320512143104.000000 1.948979378 -0.019475758 -0.208431005 0.004408097 0.860261381 0.315862745 0.400202155
1403715320762142976.000000 2.005898476 -0.052583158 -0.191674232 0.031314522 0.882601500 0.339141548 0.324063271
1403715320962142976.000000 2.035709858 -0.073310971 -0.175739646 0.048240416 0.887765348 0.355427474 0.288473517
1403715321312143104.000000 2.050082684 -0.097035646 -0.163213015 0.028768107 0.891034365 0.364735425 0.268697262
1403715321562142976.000000 2.035940886 -0.104604840 -0.168919086 0.028844122 0.890357494 0.363700241 0.272311985
1403715321812143104.000000 2.004894257 -0.108664870 -0.189403534 0.028467664 0.895569265 0.351438612 0.271359861
1403715322112143104.000000 1.938577652 -0.109859645 -0.222741365 0.034663279 0.901670396 0.354373693 0.245373905
1403715322712143104.000000 1.755306840 -0.062765837 -0.299668670 -0.028443355 0.909338057 0.376512676 0.174738258
1403715323012143104.000000 1.690049648 -0.023272872 -0.352297902 -0.035856284 0.912349164 0.371928573 0.167339265
1403715323312143104.000000 1.651722908 0.002585173 -0.423786998 -0.042324416 0.913070321 0.368057609 0.170425594
1403715323862142976.000000 1.661138892 0.043996155 -0.575385332 -0.025430828 0.934494913 0.313362539 0.166962609
1403715324112143104.000000 1.679171920 0.043518126 -0.622747660 -0.012096038 0.943218231 0.285341680 0.169626638
1403715326212143104.000000 1.593433499 -0.038861752 -0.571145177 -0.008906083 0.915798306 0.361005127 0.175810903
1403715326462142976.000000 1.557791233 -0.028754413 -0.574410796 -0.015112083 0.926338792 0.335180968 0.171236321
1403715326762142976.000000 1.516873837 -0.019618630 -0.565097451 -0.012934044 0.930676877 0.326027483 0.165466949
1403715327012143104.000000 1.481559277 -0.016072929 -0.541028857 -0.001002013 0.922404230 0.351605654 0.159821600
1403715327312143104.000000 1.431308150 -0.016773701 -0.514876127 0.012368330 0.916695178 0.368209988 0.154720247
1403715327612143104.000000 1.365370154 -0.013055146 -0.504463315 0.007892835 0.914204121 0.371701300 0.161265835
1403715327912143104.000000 1.290063381 -0.000177383 -0.508040905 -0.007888174 0.906191885 0.365480840 0.212550774
1403715328262142976.000000 1.207581043 0.019061565 -0.524229884 -0.017324295 0.906869650 0.335122466 0.254912227
1403715328562142976.000000 1.145129681 0.024683416 -0.533926129 -0.025002781 0.911602914 0.328111321 0.246369764
1403715328962142976.000000 1.085613608 0.022995412 -0.512181520 -0.019986384 0.890161872 0.345070809 0.296881348
1403715329362142976.000000 1.053106546 0.021547794 -0.476204157 -0.008537945 0.843576968 0.335216790 0.419445753
1403715329962142976.000000 1.028997421 0.045108318 -0.437720418 -0.003229184 0.829973638 0.328054219 0.451124966
1403715330412143104.000000 1.021983266 0.082431138 -0.413173318 -0.011756263 0.823399782 0.329884797 0.461574048
1403715330962142976.000000 1.027337790 0.055726171 -0.422854543 0.024700148 0.809837639 0.326679409 0.486655354
1403715331462142976.000000 1.002237678 0.010052204 -0.470544457 0.002543787 0.759850502 0.304515988 0.574361145
1403715332012143104.000000 0.972356856 -0.040313244 -0.553151727 -0.003009527 0.759223998 0.299451262 0.577839792
1403715332562142976.000000 0.961226940 -0.022476494 -0.618543744 0.009064531 0.748973131 0.325108767 0.577287912
1403715334162142976.000000 0.909103394 0.109245002 -0.934827149 0.002130316 0.702866495 0.289315790 0.649823487
1403715334662142976.000000 0.885578156 0.148442775 -1.037598610 0.000127319 0.690105915 0.280961692 0.666944027
1403715335362142976.000000 0.897664428 0.211757571 -1.181253910 -0.006995900 0.686208606 0.272371501 0.674449861
1403715335862142976.000000 0.930122972 0.250165015 -1.263042212 0.000061018 0.651966274 0.264661521 0.710559130
1403715336362142976.000000 0.973753214 0.290036976 -1.338152766 0.009795099 0.636938691 0.247287124 0.730111122
1403715336962142976.000000 1.025501490 0.326491922 -1.421951890 0.001636792 0.636291802 0.246427730 0.731029034
1403715337512143104.000000 1.083559394 0.326803029 -1.480565071 0.005351671 0.589344859 0.253480405 0.767066956
1403715338012143104.000000 1.164517283 0.335249186 -1.536759019 0.008283142 0.586783290 0.235023856 0.774842262
1403715338562142976.000000 1.258717418 0.344486624 -1.598207474 0.018171661 0.562109530 0.235967383 0.792478442
1403715339012143104.000000 1.331792355 0.358106315 -1.661984324 0.006855180 0.509178579 0.205855608 0.835651696
1403715339462142976.000000 1.412426829 0.385675669 -1.715281844 0.006595153 0.500808239 0.196310818 0.842976689
1403715339912143104.000000 1.495237112 0.424159646 -1.750837684 -0.010928688 0.520044148 0.177023843 0.835522115
1403715340312143104.000000 1.543699741 0.428833187 -1.740154982 -0.005812607 0.467742085 0.158425882 0.869531393
1403715340912143104.000000 1.589619875 0.369174540 -1.686417103 0.001914436 0.366438389 0.167517722 0.915236115
1403715341312143104.000000 1.652680159 0.338856161 -1.646818161 0.015723815 0.386116952 0.161397621 0.908084393
1403715341662142976.000000 1.712739229 0.313334882 -1.621512532 0.016083812 0.413901776 0.141815767 0.899063349
1403715342062142976.000000 1.750456095 0.289362580 -1.586485863 0.007400085 0.411929786 0.150042221 0.898747146
1403715342462142976.000000 1.771450400 0.266012907 -1.541497231 -0.003051954 0.381670296 0.164724931 0.909496665
1403715342912143104.000000 1.809467316 0.239383623 -1.473159909 -0.001028591 0.321027994 0.116663314 0.939856172
1403715343362142976.000000 1.843877196 0.210203305 -1.382939696 0.005899583 0.298723400 0.118959412 0.946878135
1403715343912143104.000000 1.891244173 0.177262321 -1.255860686 0.006216955 0.312568218 0.106723003 0.943860531
1403715344512143104.000000 1.905683994 0.122896105 -1.103993177 0.031731386 0.260178834 0.053932987 0.963530660
1403715345812143104.000000 1.591465950 0.046615653 -0.808335483 0.026905397 0.224686861 0.082567304 0.970553756
1403715347012143104.000000 1.257733107 -0.040334966 -0.598226130 0.015465578 0.245265692 0.119264357 0.961967528
1403715348312143104.000000 0.996686518 -0.140034914 -0.466557384 0.022868209 0.045577526 0.050524764 0.997420192
1403715349362142976.000000 0.996129215 -0.064912252 -0.343824893 0.040008646 -0.050477453 0.004740797 0.997912288
1403715349862142976.000000 1.073534846 -0.016799217 -0.311805397 0.031118181 -0.086934686 -0.018978190 0.995546997
1403715350362142976.000000 1.156108975 0.029886721 -0.306524366 -0.000910203 -0.139010340 -0.066071935 0.988083899
1403715351062142976.000000 1.191044569 0.054857425 -0.239375502 0.003762104 -0.131276369 -0.077980950 0.988266826
1403715353062142976.000000 0.802636266 -0.072683081 -0.047666837 0.040350486 -0.239084631 -0.073383100 0.967380643
1403715354112143104.000000 0.714914083 -0.088272892 -0.012780230 0.027611574 -0.262933016 -0.090658851 0.960148335
1403715354612143104.000000 0.689435780 -0.058108330 0.009919554 0.016747119 -0.265113205 -0.098546281 0.959022045
1403715355112143104.000000 0.668405712 -0.105742402 0.022253118 0.019767934 -0.270687759 -0.090397343 0.958209634
1403715355612143104.000000 0.657401264 -0.167234138 0.039452344 0.024059994 -0.354567409 -0.128086418 0.925903380
1403715356012143104.000000 0.652498007 -0.207428694 0.060033053 0.025190271 -0.393070996 -0.158399478 0.905411661
1403715356362142976.000000 0.634017110 -0.232662201 0.076410249 0.027825305 -0.372026294 -0.174418330 0.911263108
1403715356762142976.000000 0.583460510 -0.247882500 0.086577192 0.007874311 -0.380386293 -0.147308901 0.912986517
1403715357562142976.000000 0.452867687 -0.313268125 0.143020585 0.028457360 -0.493727803 -0.200318679 0.845751405
1403715358012143104.000000 0.365373760 -0.343830705 0.173953786 0.041932784 -0.489336342 -0.223947734 0.841807008
1403715358312143104.000000 0.290923506 -0.342381358 0.177900359 0.024973819 -0.492535770 -0.212220505 0.843651175
1403715358562142976.000000 0.213806659 -0.339642495 0.174411803 0.037151128 -0.504230142 -0.224292949 0.833105326
1403715359112143104.000000 0.029807106 -0.323203057 0.139349565 0.036216889 -0.559355378 -0.201113209 0.803345203
1403715359412143104.000000 -0.044154435 -0.303004086 0.124967709 0.047041420 -0.558538079 -0.208198205 0.801545918
1403715359712143104.000000 -0.100896545 -0.287606478 0.098562241 0.052032877 -0.552622855 -0.211185247 0.804550409
1403715360012143104.000000 -0.144654915 -0.275057077 0.053729042 0.032946642 -0.553343832 -0.205547184 0.806520522
1403715360262142976.000000 -0.172971964 -0.265275240 0.014723867 0.029265570 -0.552062035 -0.210598946 0.806237638
1403715360462142976.000000 -0.193396971 -0.258852988 -0.014933340 0.015683699 -0.545202911 -0.188940346 0.816583931
1403715360662142976.000000 -0.208298117 -0.257869571 -0.033318192 0.008979092 -0.519494176 -0.166398719 0.838067234
1403715360912143104.000000 -0.223238289 -0.263262391 -0.043339126 0.021839364 -0.456604213 -0.165000528 0.873962522
1403715361212143104.000000 -0.223258704 -0.263498664 -0.044117466 0.027631983 -0.379068732 -0.143071964 0.913823724
1403715361812143104.000000 -0.260519117 -0.276923358 -0.053015772 0.015816240 -0.256003797 -0.109508783 0.960322738
1403715362112143104.000000 -0.290443182 -0.271021664 -0.050189894 0.010506793 -0.198257685 -0.083971456 0.976489782
1403715362412143104.000000 -0.339599639 -0.263603568 -0.036774643 0.010817250 -0.110609733 -0.057941750 0.992114544
1403715362912143104.000000 -0.446048409 -0.259370416 -0.000209075 0.015282698 0.018209659 0.035126712 0.999100089
1403715363362142976.000000 -0.509973168 -0.277122170 0.023496255 0.024551583 0.100954428 0.103403069 0.989198267
1403715363962142976.000000 -0.467245996 -0.299895585 0.018604651 0.026750363 0.249889627 0.113768682 0.961195290
1403715364512143104.000000 -0.409709543 -0.319124162 -0.016125295 0.022600645 0.334762454 0.159796208 0.928379476
1403715365112143104.000000 -0.335167050 -0.330685198 -0.093483619 0.004861454 0.389256269 0.147015646 0.909308732
1403715365862142976.000000 -0.278086364 -0.346330494 -0.171172991 0.026474738 0.499139160 0.206193656 0.841215432
1403715366812143104.000000 -0.253411889 -0.288821340 -0.346196860 -0.000214016 0.535232663 0.219815999 0.815602183
1403715367762142976.000000 -0.146024525 -0.239070013 -0.532022655 -0.005505062 0.509217381 0.227908105 0.829894781
1403715368712143104.000000 0.096534580 -0.168228909 -0.720475972 0.023406487 0.521416783 0.212664470 0.826045096
1403715369712143104.000000 0.311901629 -0.060512103 -0.950383246 -0.004761910 0.389709920 0.159111753 0.907076061
1403715371562142976.000000 0.773242712 0.020109057 -1.051378489 -0.005897975 0.365329951 0.160186633 0.916973054
1403715372712143104.000000 1.176386833 0.006941359 -0.990327537 0.015734335 0.315409601 0.125286713 0.940517187
1403715373712143104.000000 1.505537629 -0.028594743 -0.958400011 0.013260620 0.300518960 0.102353506 0.948175251
1403715374612143104.000000 1.674555898 -0.053474214 -0.902903497 -0.000766340 0.102550194 0.035432331 0.994096279
1403715375512143104.000000 1.754760027 -0.116929188 -0.743056238 0.011834688 0.121496662 0.040786158 0.991682887
1403715376112143104.000000 1.750725746 -0.159760967 -0.598210931 0.020826571 0.135319844 0.044952352 0.989562571
1403715376562142976.000000 1.731856108 -0.175996706 -0.500565112 0.036241606 0.130799785 0.038191155 0.990009844
1403715376962142976.000000 1.691321373 -0.177970305 -0.437869698 0.046211585 0.122854382 0.028722070 0.990932047
1403715377312143104.000000 1.635914326 -0.179339543 -0.408289343 0.030239781 0.110082589 0.025410345 0.993137300
1403715377762142976.000000 1.534196734 -0.168511987 -0.394825548 0.030390123 0.100465730 0.029132068 0.994049489
1403715379262142976.000000 1.183694124 -0.122015879 -0.436745048 0.002101583 0.097199634 0.031095769 0.994776785
1403715380012143104.000000 1.028579116 -0.174163237 -0.383408964 0.014134914 0.105648935 0.011111279 0.994240999
1403715380812143104.000000 0.784247279 -0.240776360 -0.297141045 0.022738921 0.100240879 0.030259227 0.994243026
1403715381512143104.000000 0.551483274 -0.284953505 -0.247838631 0.033862919 0.108704992 0.045863584 0.992437959
1403715382312143104.000000 0.302845955 -0.293804020 -0.210615978 -0.003515644 0.179349914 0.065743625 0.981579840
1403715385862142976.000000 0.090852380 -0.477322251 0.266063154 0.024115728 0.637464464 0.277814001 0.718245685
1403715388012143104.000000 0.202199802 -0.326492131 -0.150408953 -0.005554780 0.621621907 0.273865521 0.733861685
1403715389062142976.000000 0.336274534 -0.105290897 -0.454707146 0.004973714 0.624051690 0.244287655 0.742198288
1403715390162142976.000000 0.482750773 -0.007350206 -0.746167004 -0.012178509 0.553553879 0.228325814 0.800810277
1403715391162142976.000000 0.695259452 0.071668118 -0.837604880 -0.010990931 0.406995058 0.179163590 0.895619750
1403715392162142976.000000 1.062637806 0.042422615 -0.833091259 -0.008408407 0.342403114 0.148161098 0.927759528
1403715393212143104.000000 1.476715088 -0.041288499 -0.805619061 0.010213819 0.152292788 0.041200180 0.987423480
1403715394062142976.000000 1.617552519 -0.052833516 -0.770090818 0.020198820 -0.100914501 -0.041729592 0.993814349
1403715394812143104.000000 1.634011507 -0.042930201 -0.767151833 0.035591230 -0.331799328 -0.132758737 0.933283210
1403715395662142976.000000 1.592285156 0.005712986 -0.831960559 0.021251351 -0.561260283 -0.225670949 0.795994878
1403715396212143104.000000 1.527004957 0.055344373 -0.863259196 0.006175564 -0.613135219 -0.217310190 0.759475708
1403715396762142976.000000 1.453065753 0.086377978 -0.863812685 0.036539469 -0.617394269 -0.241169527 0.747881293
1403715397162142976.000000 1.401880383 0.121408582 -0.868765831 0.006247452 -0.631878614 -0.260311782 0.730019331
1403715397462142976.000000 1.343031406 0.144635797 -0.866105318 -0.016165968 -0.642232358 -0.243385792 0.726663351
1403715397812143104.000000 1.249523282 0.150225878 -0.838412166 0.001955016 -0.647266150 -0.231730908 0.726184309
1403715398512143104.000000 1.080212831 0.129856050 -0.740450263 0.041933436 -0.634998262 -0.230824336 0.736029148
1403715398862142976.000000 1.035568237 0.128447980 -0.703121960 0.073318914 -0.623940110 -0.235276237 0.741598368
1403715399262142976.000000 1.028460860 0.136805832 -0.705750704 0.065883934 -0.629527271 -0.231765047 0.738674283
1403715399812143104.000000 1.076670527 0.170844615 -0.771944821 0.020304235 -0.618678927 -0.260327697 0.740981519
1403715400212143104.000000 1.089570880 0.190799236 -0.849377334 0.025178842 -0.591527581 -0.258084118 0.763448656
1403715400512143104.000000 1.070931792 0.208908349 -0.920557439 0.030322205 -0.539511800 -0.245786265 0.804733932
1403715400912143104.000000 1.012592196 0.247233421 -1.031514525 -0.000799168 -0.452527046 -0.183792934 0.872604668
1403715401462142976.000000 0.880092382 0.287509650 -1.147056103 -0.005550392 -0.396391362 -0.168353841 0.902496576
1403715401962142976.000000 0.714595675 0.276620388 -1.199760437 0.018332431 -0.388020009 -0.127453730 0.912611604
1403715402512143104.000000 0.568621635 0.268219352 -1.216518521 0.053337410 -0.344380766 -0.144487783 0.926110327
1403715403012143104.000000 0.452537835 0.286477387 -1.274658442 0.023827059 -0.317459583 -0.109425522 0.941635728
1403715403612143104.000000 0.325643778 0.288167864 -1.314963222 0.000102717 -0.287746459 -0.107279800 0.951679111
1403715404112143104.000000 0.213528544 0.255189836 -1.272969723 -0.005223737 -0.185466632 -0.061639089 0.980701566
1403715404712143104.000000 0.069490381 0.202378660 -1.165299416 0.025713608 -0.112702705 -0.056338038 0.991697013
1403715405312143104.000000 -0.100196570 0.175677016 -1.065737247 0.024640165 -0.030226635 0.022120478 0.998994470
1403715405862142976.000000 -0.187934399 0.164657265 -0.982655823 -0.004981825 0.143234491 0.063011482 0.987668335
1403715406462142976.000000 -0.248166189 0.155991986 -0.867416978 0.006771535 0.306258947 0.142451659 0.941205144
1403715407312143104.000000 -0.246531695 0.171109676 -0.716903448 -0.017621471 0.481015831 0.219232008 0.848675847
1403715407912143104.000000 -0.150056452 0.141523048 -0.617388964 -0.013190228 0.505562425 0.193399638 0.840731382
1403715408512143104.000000 -0.026258722 0.033295177 -0.506879747 0.013606319 0.492952257 0.192554682 0.848372400
1403715409262142976.000000 0.063559532 -0.019328766 -0.374220818 0.035230439 0.338569283 0.132763386 0.930861712
1403715410112143104.000000 0.098348014 -0.103448331 -0.354490429 -0.012427130 0.333497107 0.142146781 0.931890309
1403715412512143104.000000 0.104515612 -0.115294285 -0.213001058 0.013306509 0.308246255 0.129303709 0.942384064
1403715413362142976.000000 0.082015544 -0.074333228 -0.211875588 0.016686860 0.310378194 0.129392087 0.941618145
1403715414262142976.000000 0.063477248 0.007353443 -0.208348960 -0.001340282 0.313229829 0.126565829 0.941204727
1403715414862142976.000000 0.047253396 -0.006863541 -0.183579952 0.012663107 0.314122289 0.137243375 0.939324796
1403715415462142976.000000 0.053917240 0.035558719 -0.159266874 0.014972691 0.332157552 0.132161662 0.933798969
1403715416762142976.000000 0.056084856 0.048610575 -0.153356999 0.008354793 0.342818677 0.120021164 0.931665480
1403715417162142976.000000 0.056223299 0.048948310 -0.153152913 0.008720910 0.342779458 0.120211177 0.931652009
1403715417512143104.000000 0.056188427 0.049058184 -0.153086081 0.009217520 0.342870146 0.120198838 0.931615472
1403715418212143104.000000 0.056181625 0.048986427 -0.153011054 0.008976553 0.343073756 0.120409593 0.931515634
