1403715273262142976.000000 0.000000000 0.000000000 0.000000000 -0.000000000 -0.000000000 -0.000000000 1.000000000
1403715278762142976.000000 -0.003575543 -0.028626619 0.009961215 0.025526367 0.003743698 0.008914414 0.999627411
1403715278862142976.000000 -0.005123228 -0.047782127 0.011733776 0.031969685 0.002249023 0.011391980 0.999421358
1403715278912143104.000000 -0.006920384 -0.057002299 0.012072676 0.033184014 0.002492996 0.011491025 0.999380112
1403715280312143104.000000 -0.008323781 -0.129518121 0.034172546 -0.000156215 0.008027267 -0.010209544 0.999915659
1403715281962142976.000000 -0.042288974 -0.256826758 0.180261865 0.003196087 0.289843649 0.116519280 0.949949324
1403715282062142976.000000 -0.042106241 -0.256197244 0.194647759 0.003006975 0.316083044 0.127653688 0.940099478
1403715282162142976.000000 -0.041823834 -0.257310331 0.209609061 0.001919692 0.340854675 0.136612847 0.930135131
1403715284262142976.000000 -0.019877017 -0.262848496 0.557699502 0.005483733 0.631274521 0.271125346 0.726604104
1403715284662142976.000000 0.005549073 -0.259046823 0.588669062 0.002573039 0.627902389 0.251814604 0.736424744
1403715284862142976.000000 0.022876501 -0.257464707 0.599816740 0.003454443 0.632091343 0.243421391 0.735659420
1403715285012143104.000000 0.036425054 -0.258650094 0.607703567 0.016862348 0.647536933 0.246894345 0.720732093
1403715285362142976.000000 0.051704824 -0.269420028 0.613550425 0.018144878 0.687407613 0.281897247 0.669085562
1403715285512143104.000000 0.054872036 -0.290038019 0.607015967 0.011469037 0.691472054 0.296829104 0.658503830
1403715285912143104.000000 0.069984317 -0.352114797 0.559327781 0.005020147 0.700650513 0.295944750 0.649215221
1403715286112143104.000000 0.082623780 -0.371405482 0.530310035 -0.009344603 0.704557538 0.287396997 0.648779154
1403715286312143104.000000 0.100302339 -0.387437016 0.503589988 -0.007480217 0.703420162 0.292646706 0.647689760
1403715287012143104.000000 0.195549667 -0.415721357 0.423926771 -0.014475005 0.734888256 0.292151004 0.611863971
1403715287162142976.000000 0.219230890 -0.419020206 0.411389828 -0.015552685 0.741492867 0.291613013 0.604076385
1403715288512143104.000000 0.379107177 -0.449221045 0.311168879 0.006274484 0.836098433 0.322199970 0.443945080
1403715289112143104.000000 0.379259944 -0.432818264 0.263563991 -0.010756974 0.843740523 0.326050192 0.426236480
1403715289262142976.000000 0.377594709 -0.408419997 0.259992361 -0.016453762 0.850002527 0.328314513 0.411624312
1403715289912143104.000000 0.398067415 -0.294297904 0.261645287 -0.018949369 0.874626696 0.350299269 0.334603459
1403715290162142976.000000 0.423549533 -0.283980459 0.250413537 -0.018401826 0.871793807 0.346807539 0.345487326
1403715290362142976.000000 0.450594425 -0.292461127 0.235624105 -0.022204068 0.864034057 0.353416443 0.357839286
1403715290712143104.000000 0.513695121 -0.295466751 0.204918504 -0.011618810 0.862673163 0.351236105 0.363721371
1403715291312143104.000000 0.633846998 -0.277208865 0.146327078 0.026077455 0.872806728 0.352526814 0.336531311
1403715291712143104.000000 0.674819469 -0.235734895 0.095703304 0.022029217 0.880226254 0.367565334 0.299352974
1403715291912143104.000000 0.684227765 -0.209406480 0.059948802 -0.002876455 0.885865450 0.363417417 0.288378090
1403715292112143104.000000 0.694879234 -0.179196164 0.022560298 -0.013664178 0.886694014 0.362691134 0.286430091
1403715292412143104.000000 0.721770287 -0.132128179 -0.033258975 -0.020768896 0.872466028 0.357007295 0.333042920
1403715292612143104.000000 0.749551535 -0.104449511 -0.071906507 -0.019379051 0.857166767 0.339347064 0.386953741
1403715292812143104.000000 0.782511234 -0.085381001 -0.108330607 -0.017689405 0.840520442 0.304444045 0.447801620
1403715293012143104.000000 0.814815462 -0.086817503 -0.140886545 -0.011548036 0.809126675 0.302376628 0.503735065
1403715294912143104.000000 0.958137393 -0.071887955 -0.361201286 -0.003584687 0.528718591 0.205032915 0.823653638
1403715295462142976.000000 0.954888582 -0.022608742 -0.390071392 0.016542928 0.424506783 0.164791599 0.890148342
1403715296312143104.000000 0.912116051 0.085025929 -0.439567059 0.009782655 0.300861061 0.141104639 0.943120539
1403715296662142976.000000 0.917812705 0.118274689 -0.478987038 -0.002872344 0.263364345 0.124841712 0.956580162
1403715297012143104.000000 0.950387836 0.131006092 -0.513418019 0.011023995 0.244674593 0.091145165 0.965248883
1403715300162142976.000000 1.154731512 0.074660584 -0.402652144 0.032030083 -0.315828472 -0.110553876 0.941809058
1403715300762142976.000000 1.128400207 0.032196015 -0.320111752 0.047367595 -0.337903321 -0.106308505 0.933957279
1403715301062142976.000000 1.143478870 0.021559499 -0.298102587 0.057419244 -0.323062152 -0.118023649 0.937232256
1403715301362142976.000000 1.167658091 0.025622427 -0.298211783 0.076325238 -0.311693847 -0.129987538 0.938149571
1403715301712143104.000000 1.200277805 0.058244810 -0.335164368 0.034140974 -0.316897184 -0.114955187 0.940848529
1403715302062142976.000000 1.234481215 0.100203335 -0.382735312 0.039204326 -0.302993447 -0.127041683 0.943672836
1403715304262142976.000000 1.102937341 0.251363993 -0.663926184 0.032088805 -0.540720820 -0.182962984 0.820436418
1403715304662142976.000000 1.087886214 0.285049409 -0.674016476 0.032243222 -0.528410792 -0.191400006 0.826503754
1403715305162142976.000000 1.090281487 0.315526366 -0.692850232 0.028064424 -0.516361058 -0.194715768 0.833468318
1403715305762142976.000000 1.096850276 0.275094002 -0.748311222 0.021716105 -0.533560395 -0.197324559 0.822134256
1403715306912143104.000000 1.154717565 0.093610659 -0.756939173 0.069806866 -0.434271604 -0.133096039 0.888155818
1403715308062142976.000000 1.381007075 0.198240176 -0.749670267 0.006052227 -0.140496537 -0.071576558 0.987471998
1403715308412143104.000000 1.403771520 0.241861448 -0.739193857 0.006579990 -0.072365664 -0.047383532 0.996230245
1403715309362142976.000000 1.412758112 0.202375054 -0.667398274 0.032103717 -0.093754753 -0.001962479 0.995075643
1403715310162142976.000000 1.499601364 0.153123900 -0.598029077 0.041074637 -0.116029650 -0.007071856 0.992370903
1403715310962142976.000000 1.660787106 0.141850173 -0.601648867 0.016762592 -0.016442914 -0.008989993 0.999683857
1403715311312143104.000000 1.719587445 0.140028223 -0.605469525 0.005844263 -0.015491985 0.017164111 0.999715567
1403715311662142976.000000 1.788403749 0.130096555 -0.590358377 0.004697947 -0.003215852 0.001811709 0.999982178
1403715312812143104.000000 2.011463881 0.053257186 -0.432137072 0.035542943 0.020734148 -0.002339766 0.999150276
1403715313112143104.000000 2.053318739 0.030727465 -0.400689095 0.052646182 0.010107462 -0.019904772 0.998363674
1403715313712143104.000000 2.083018064 -0.024142178 -0.415454477 0.027341165 0.013277258 -0.013929852 0.999440908
1403715313912143104.000000 2.084087133 -0.040924598 -0.426546484 0.026051329 0.020562759 -0.007217656 0.999423027
1403715314862142976.000000 2.025898218 -0.069780760 -0.451999575 0.011079395 0.138446674 0.040224399 0.989490688
1403715315562142976.000000 1.914610267 -0.081161812 -0.431864500 0.017751018 0.165461704 0.063685544 0.983997703
1403715316212143104.000000 1.840826988 -0.076957405 -0.433385313 0.010836284 0.286142081 0.116132595 0.951061785
1403715317412143104.000000 1.751248240 -0.018571913 -0.301389515 0.001594104 0.501779914 0.193659753 0.843036354
1403715317712143104.000000 1.727059245 -0.016458213 -0.254449546 0.006325688 0.566213131 0.226146609 0.792603612
1403715318062142976.000000 1.703729868 -0.013193369 -0.212203383 0.019812895 0.622409225 0.268985182 0.734752476
1403715318512143104.000000 1.683944345 0.009609818 -0.209136844 0.002127011 0.661662221 0.274648845 0.697686613
1403715318862142976.000000 1.687012911 0.039614797 -0.222049475 -0.034972616 0.693728328 0.301458359 0.653177559
1403715319212143104.000000 1.735446692 0.069476485 -0.235829115 -0.028980054 0.741582215 0.291969478 0.603299081
1403715319512143104.000000 1.802645683 0.081860185 -0.244012117 -0.025984647 0.779904544 0.295987904 0.550876439
1403715319812143104.000000 1.880791306 0.074813008 -0.241898060 -0.021940466 0.800114632 0.305348873 0.515846133
1403715320412143104.000000 2.062445879 -0.007646501 -0.231116056 -0.002055390 0.848569751 0.307045609 0.430869043
1403715320662142976.000000 2.131822109 -0.043434918 -0.214618683 0.018060125 0.875861406 0.330978513 0.350704819
1403715320912143104.000000 2.180994511 -0.075350940 -0.195114136 0.047444321 0.887355685 0.352319747 0.293632120
1403715321262142976.000000 2.202614307 -0.103455424 -0.178541660 0.029097287 0.891242445 0.364619911 0.268127888
1403715321762142976.000000 2.160611629 -0.115729928 -0.199587464 0.025209961 0.893982530 0.354462832 0.272976011
1403715322012143104.000000 2.109882832 -0.118656874 -0.228971004 0.039968498 0.902618945 0.345197856 0.254007876
1403715322362142976.000000 1.997319221 -0.112808645 -0.277716875 -0.007668810 0.905871630 0.361734748 0.220194697
1403715322662142976.000000 1.899573803 -0.078299880 -0.318031192 -0.027728673 0.908698261 0.377089620 0.176923811
1403715322962142976.000000 1.824023366 -0.031104505 -0.369506955 -0.034343150 0.911642432 0.374247581 0.166335180
1403715323212143104.000000 1.784111261 -0.011225700 -0.432214379 -0.039617456 0.912692010 0.370374948 0.168065876
1403715323462142976.000000 1.764487028 0.025593519 -0.494581819 -0.040626183 0.913350463 0.368055820 0.169337869
1403715323962142976.000000 1.788262367 0.047332346 -0.645327330 -0.019508488 0.940843999 0.294085979 0.167168722
1403715324212143104.000000 1.808070898 0.042479098 -0.678345203 -0.006974319 0.939353406 0.297837287 0.169880897
1403715324712143104.000000 1.820265532 0.003866255 -0.670492411 0.013245192 0.914974451 0.364519984 0.172544330
1403715326162142976.000000 1.717248917 -0.044987619 -0.614747763 -0.003292982 0.914683759 0.363913208 0.175812513
1403715326462142976.000000 1.670030117 -0.031480730 -0.618707180 -0.014418492 0.926373005 0.335493356 0.170497343
1403715326862142976.000000 1.611483574 -0.018149197 -0.597630262 -0.007205559 0.927306056 0.337223977 0.162270114
1403715327212143104.000000 1.554563522 -0.018344522 -0.561890006 0.009517499 0.918462396 0.363450825 0.155691206
1403715327512143104.000000 1.489874840 -0.016578078 -0.544985414 0.016356446 0.914675534 0.373498499 0.153623044
1403715327812143104.000000 1.410192370 -0.006915510 -0.544636488 -0.004683054 0.909737051 0.368968755 0.190311775
1403715328112143104.000000 1.332247496 0.010514379 -0.555632710 -0.013621243 0.903493285 0.351347655 0.245090187
1403715328462142976.000000 1.248825669 0.024516404 -0.573684454 -0.022585712 0.911815941 0.325128824 0.249745503
1403715328862142976.000000 1.175708055 0.025170684 -0.557539701 -0.023561744 0.897543311 0.347397834 0.270509869
1403715329212143104.000000 1.139681101 0.021926641 -0.525689363 -0.009738980 0.861729145 0.337124467 0.379045159
1403715330212143104.000000 1.097536325 0.069305301 -0.455820918 -0.004419058 0.825724304 0.327746421 0.459066689
1403715330662142976.000000 1.098415613 0.088054240 -0.443650484 -0.000144569 0.825771749 0.325214833 0.460799754
1403715331262142976.000000 1.088208079 0.032131612 -0.475104332 0.018891156 0.771840513 0.318557650 0.549933076
1403715331812143104.000000 1.052716136 -0.030099690 -0.564237118 -0.004632969 0.758406281 0.292849392 0.582269430
1403715332362142976.000000 1.030387521 -0.032701969 -0.634545505 0.017230598 0.756429136 0.322432727 0.568819165
1403715333562142976.000000 1.038513780 0.054934680 -0.893823981 0.020481054 0.737284184 0.269010514 0.619375527
1403715334612143104.000000 0.949375272 0.155710697 -1.105036974 0.002628621 0.690093279 0.282918751 0.666124105
1403715335362142976.000000 0.960893989 0.226926237 -1.270522833 -0.006667159 0.686409116 0.272781849 0.674083292
1403715335862142976.000000 0.995273829 0.269607097 -1.356710911 0.000748393 0.652585566 0.264676630 0.709984362
1403715336362142976.000000 1.043156385 0.312012076 -1.438477874 0.010272441 0.637220740 0.247526228 0.729777336
1403715336912143104.000000 1.093618035 0.349182934 -1.519040942 0.001947845 0.636455357 0.247911572 0.730383873
1403715337412143104.000000 1.146451473 0.353862524 -1.579246044 -0.000731725 0.600420296 0.249999404 0.759602010
1403715337912143104.000000 1.228028893 0.359072506 -1.636059761 0.009189592 0.584884822 0.236580864 0.775793016
1403715338512143104.000000 1.339539528 0.371091634 -1.710716367 0.019215759 0.568408132 0.239249036 0.786957979
1403715339012143104.000000 1.428831577 0.385216177 -1.786262631 0.007364194 0.509448707 0.206126139 0.835415959
1403715339562142976.000000 1.536409855 0.420432627 -1.855149269 0.009606171 0.501606047 0.199632302 0.841692328
1403715340012143104.000000 1.620489001 0.463663369 -1.883531332 -0.016020708 0.518493474 0.167130828 0.838436127
1403715340462142976.000000 1.666527390 0.445009232 -1.857291698 0.001944494 0.425932020 0.157572091 0.890926003
1403715340862142976.000000 1.700463295 0.402746052 -1.817961335 0.001110754 0.368885696 0.162740797 0.915116191
1403715341312143104.000000 1.772343159 0.365051091 -1.770338416 0.016461000 0.386361331 0.161561817 0.907938182
1403715342062142976.000000 1.877357602 0.310285091 -1.705321312 0.007445083 0.412529349 0.150790215 0.898346543
1403715342562142976.000000 1.907937407 0.280894011 -1.643592834 -0.008164632 0.369471639 0.153546050 0.916432023
1403715343112143104.000000 1.958340764 0.239771172 -1.541902542 0.010241718 0.307096452 0.118169345 0.944257855
1403715343562142976.000000 1.995838881 0.215882167 -1.441037297 -0.001676695 0.301890701 0.117177442 0.946112394
1403715344112143104.000000 2.041131496 0.169501871 -1.296760440 0.015112771 0.298890382 0.103939585 0.948489726
1403715344612143104.000000 2.036397934 0.124475382 -1.162279606 0.031476703 0.253737390 0.050251249 0.965453982
1403715346762142976.000000 1.410462618 -0.021304768 -0.680791378 0.027009258 0.238679633 0.105768971 0.964943230
1403715348262142976.000000 1.077248454 -0.150398076 -0.506915987 0.024637386 0.059402093 0.057231400 0.996287644
1403715348812143104.000000 1.026192784 -0.121696994 -0.445760161 0.020113824 -0.016264262 0.034865599 0.999057233
1403715350362142976.000000 1.241709709 0.031613905 -0.329728246 -0.001089026 -0.138957798 -0.066039219 0.988093317
1403715350862142976.000000 1.283088803 0.061197914 -0.284936637 -0.003136917 -0.131528884 -0.071194179 0.988747597
1403715351362142976.000000 1.239371657 0.048378669 -0.212096080 0.011716112 -0.135798037 -0.071814910 0.988060892
1403715353312143104.000000 0.834924579 -0.104482561 -0.041659884 0.035024669 -0.242427841 -0.078991726 0.966313779
1403715354212143104.000000 0.759599745 -0.088135302 -0.012081996 0.019728033 -0.268858671 -0.079329446 0.959704518
1403715354712143104.000000 0.734825373 -0.063543148 0.014821295 0.017056707 -0.264180332 -0.098030381 0.959326804
1403715355212143104.000000 0.715877891 -0.130667403 0.025194041 0.018252058 -0.278540075 -0.095461838 0.955494285
1403715356112143104.000000 0.695769668 -0.232263342 0.068526655 0.026775727 -0.388633519 -0.167512149 0.905641615
1403715356512143104.000000 0.664294481 -0.259207606 0.084185660 0.014726370 -0.366433322 -0.162670702 0.915995657
1403715356912143104.000000 0.598774314 -0.271231115 0.098421037 0.006005197 -0.402524680 -0.152243420 0.902640462
1403715357262142976.000000 0.537077665 -0.302023768 0.123735726 0.017859109 -0.476679504 -0.178092435 0.860662997
1403715357662142976.000000 0.466694653 -0.352050036 0.158989474 0.027881967 -0.493792683 -0.207049191 0.844110191
1403715358012143104.000000 0.392217070 -0.371284008 0.184112459 0.041265253 -0.488904208 -0.224742949 0.841879129
1403715358312143104.000000 0.310639650 -0.371389717 0.188664034 0.023677345 -0.491795868 -0.213414386 0.843819022
1403715358612143104.000000 0.210178167 -0.365099370 0.181526393 0.039382979 -0.507923424 -0.225474194 0.830436110
1403715358912143104.000000 0.098295063 -0.357768893 0.160250649 0.040792890 -0.547495127 -0.200147718 0.811496079
1403715359162142976.000000 0.019187987 -0.342044473 0.148038164 0.037556525 -0.561039090 -0.201654866 0.801972568
1403715359412143104.000000 -0.045997679 -0.323530972 0.135236546 0.047334287 -0.558748126 -0.208057225 0.801418841
1403715359712143104.000000 -0.108243518 -0.309388846 0.105311811 0.051777348 -0.552343667 -0.212109238 0.804515600
1403715360012143104.000000 -0.154829681 -0.294594496 0.057883084 0.033276625 -0.553389132 -0.205983430 0.806364655
1403715360262142976.000000 -0.185244769 -0.284131885 0.015875638 0.029479014 -0.551940501 -0.211070433 0.806189775
1403715360512143104.000000 -0.211719587 -0.275596887 -0.022027522 0.011760853 -0.541299284 -0.181437492 0.820936859
1403715360762142976.000000 -0.228640318 -0.274481267 -0.041802451 0.014381419 -0.497299254 -0.164022073 0.851811886
1403715361012143104.000000 -0.238339573 -0.281849205 -0.044855192 0.026183628 -0.431373805 -0.159955829 0.887493789
1403715361312143104.000000 -0.250052601 -0.296605945 -0.051282104 0.023187876 -0.350085497 -0.139405534 0.925996006
1403715361612143104.000000 -0.270745814 -0.301218182 -0.055544194 0.024652392 -0.280170023 -0.121581137 0.951900780
1403715362062142976.000000 -0.311714113 -0.292287469 -0.054966550 0.009606011 -0.207804292 -0.089305356 0.974037826
1403715362412143104.000000 -0.366688490 -0.283328414 -0.037958097 0.010369936 -0.110156275 -0.058355268 0.992145538
1403715362812143104.000000 -0.456331700 -0.275959522 -0.007915989 0.010228376 0.001433112 0.000419006 0.999946594
1403715363212143104.000000 -0.538219750 -0.291730791 0.022128427 0.026548231 0.072267830 0.093020014 0.992683172
1403715363762142976.000000 -0.530758858 -0.317673117 0.027094973 0.022959249 0.196004972 0.101867720 0.975027144
1403715364362142976.000000 -0.460209697 -0.334195763 0.000021257 0.025761446 0.332199812 0.148630828 0.931068480
1403715364962142976.000000 -0.382398576 -0.351795614 -0.075808451 0.009661214 0.370711088 0.142604649 0.917684019
1403715365762142976.000000 -0.305631757 -0.368442178 -0.167715833 0.026050024 0.482252926 0.194075808 0.853866577
1403715366812143104.000000 -0.275230765 -0.307892740 -0.368992060 0.000591447 0.536057591 0.219594836 0.815119624
1403715367812143104.000000 -0.148702160 -0.251193196 -0.580023348 -0.004061317 0.509937108 0.225773662 0.830044508
1403715368812143104.000000 0.125588268 -0.166003779 -0.795937181 0.019234268 0.526323617 0.207369715 0.824385464
1403715369612143104.000000 0.308702946 -0.073109977 -1.002095699 -0.004275988 0.410611063 0.168286115 0.896136224
1403715370662142976.000000 0.577557743 -0.007745085 -1.117421389 0.015802179 0.360560387 0.155524671 0.919542611
1403715371712143104.000000 0.879971802 0.020097643 -1.116403699 0.014337952 0.361962318 0.168104947 0.916797936
1403715372562142976.000000 1.205350637 0.016704531 -1.070137024 0.013577350 0.326589972 0.130872265 0.935963273
1403715373462142976.000000 1.535206556 -0.025903918 -1.040445805 0.018901601 0.310269684 0.127460510 0.941875398
1403715374312143104.000000 1.750475764 -0.046328284 -0.995520890 0.018365607 0.153426126 0.055593356 0.986424088
1403715375162142976.000000 1.867104292 -0.095623039 -0.882716179 0.009586545 0.107894056 0.027080568 0.993747234
1403715375912143104.000000 1.884436965 -0.158426195 -0.696798384 0.016300151 0.135549754 0.045135081 0.989607692
1403715376412143104.000000 1.868971348 -0.187075049 -0.570577979 0.046422064 0.130077198 0.048527841 0.989226937
1403715376812143104.000000 1.840108275 -0.189158231 -0.498485237 0.028712323 0.125007361 0.032602970 0.991204262
1403715377162142976.000000 1.783924222 -0.190343738 -0.451556653 0.042060744 0.115854174 0.025789682 0.992040157
1403715377512143104.000000 1.706490397 -0.182287097 -0.430795580 0.038935248 0.105565950 0.026289999 0.993301928
1403715380262142976.000000 1.021080732 -0.216523647 -0.379629850 0.024280554 0.101160474 0.030101823 0.994118154
1403715380962142976.000000 0.782927573 -0.271423787 -0.306446791 0.025128661 0.102937914 0.027108060 0.994000733
1403715382212143104.000000 0.360329330 -0.306926131 -0.237458095 -0.002816830 0.159382209 0.054532409 0.985705674
1403715382862142976.000000 0.154232174 -0.347025841 -0.144268602 -0.003891525 0.277054161 0.112391740 0.954250455
1403715383562142976.000000 0.001867296 -0.396591723 0.016730297 0.003726895 0.325706780 0.151303589 0.933278322
1403715384262142976.000000 -0.043834046 -0.438648015 0.182218626 0.012110223 0.469922304 0.200703606 0.859502494
1403715385412143104.000000 0.023306638 -0.488826215 0.286388099 -0.005371605 0.642351031 0.263142765 0.719800115
1403715386462142976.000000 0.176936448 -0.512619734 0.227165923 0.019747278 0.649872541 0.248460367 0.718013346
1403715387312143104.000000 0.194798484 -0.429920405 0.076361954 0.016993005 0.638369739 0.269769788 0.720707715
1403715388262142976.000000 0.240889519 -0.300661445 -0.240615577 0.000984232 0.622808754 0.263176620 0.736781061
1403715389162142976.000000 0.373202741 -0.101130053 -0.524044931 0.004684225 0.623653769 0.241807744 0.743345857
1403715390162142976.000000 0.514926016 -0.004729979 -0.799939513 -0.010774736 0.554431200 0.228177354 0.800265670
1403715391262142976.000000 0.772844434 0.080855176 -0.897674143 -0.004464126 0.396345139 0.179733634 0.900325716
1403715392412143104.000000 1.262965202 0.011091925 -0.893179178 0.009783360 0.318233728 0.131356493 0.938816845
1403715393362142976.000000 1.631401300 -0.046806458 -0.860605299 0.019728754 0.112787277 0.017368909 0.993271470
1403715394212143104.000000 1.742971539 -0.054265119 -0.826338410 0.022628043 -0.144623637 -0.059409887 0.987442374
1403715395212143104.000000 1.741640091 -0.027326286 -0.861459434 0.025811357 -0.461205751 -0.187280402 0.866919279
1403715395962142976.000000 1.675002813 0.038764238 -0.914832711 0.018124400 -0.598874688 -0.236950770 0.764771104
1403715396712143104.000000 1.566259861 0.088273734 -0.928403616 0.038005300 -0.613586128 -0.240512565 0.751146734
1403715397062142976.000000 1.521416187 0.119024754 -0.935221672 0.014210178 -0.629140854 -0.257822990 0.733148813
1403715397412143104.000000 1.454292536 0.152568281 -0.934403539 -0.013796501 -0.640972078 -0.244889736 0.727319360
1403715397762142976.000000 1.357301712 0.162369639 -0.908680201 -0.002683591 -0.646631181 -0.233384997 0.726217926
1403715398062142976.000000 1.263857722 0.147939146 -0.867007971 0.031582549 -0.646314979 -0.226036802 0.728139341
1403715398712143104.000000 1.126995325 0.137654483 -0.769949675 0.057189673 -0.629255772 -0.231411815 0.739739895
1403715399062142976.000000 1.101266861 0.139631182 -0.749779105 0.076313578 -0.623851895 -0.235764757 0.741215229
1403715399512143104.000000 1.124267340 0.160841137 -0.782331586 0.058830041 -0.626856923 -0.246009544 0.736931980
1403715399812143104.000000 1.156242251 0.183240116 -0.830961347 0.020320022 -0.618483484 -0.260407031 0.741116345
1403715400112143104.000000 1.170945168 0.200189143 -0.892130613 0.021352919 -0.602716982 -0.261844546 0.753467798
1403715400412143104.000000 1.159544945 0.217045248 -0.963424206 0.033895217 -0.556691408 -0.256596208 0.789369464
1403715400762142976.000000 1.114700198 0.249923259 -1.066680908 0.010743558 -0.484868675 -0.211438999 0.848575592
1403715401212143104.000000 1.017330647 0.296515346 -1.188810587 -0.015525057 -0.408872128 -0.166558325 0.897129238
1403715401712143104.000000 0.852716863 0.305905581 -1.271284103 0.008519871 -0.400240600 -0.143764108 0.905023098
1403715402112143104.000000 0.716946781 0.293067396 -1.296058893 0.028051324 -0.381945282 -0.137200460 0.913513541
1403715402612143104.000000 0.583411574 0.290037185 -1.315506935 0.060112607 -0.330355972 -0.144772261 0.930748284
1403715403112143104.000000 0.460177839 0.313245416 -1.383930683 0.006345675 -0.315794587 -0.106128462 0.942852199
1403715403562142976.000000 0.359705776 0.310758889 -1.416747570 0.000718364 -0.294710368 -0.109642699 0.949275374
1403715404062142976.000000 0.240406439 0.280437112 -1.376927495 -0.009152869 -0.197282821 -0.064199850 0.978199422
1403715404612143104.000000 0.099569194 0.224215209 -1.272647619 0.023051869 -0.110621616 -0.065453105 0.991437018
1403715405162142976.000000 -0.075829908 0.192741737 -1.171092272 0.030018544 -0.070094578 -0.001685965 0.997087181
1403715405712143104.000000 -0.187716484 0.181219608 -1.078125358 0.005323370 0.099675812 0.054671641 0.993502617
1403715406362142976.000000 -0.264463425 0.168420136 -0.955675662 0.009805746 0.284049481 0.124827266 0.950598717
1403715407312143104.000000 -0.271294355 0.185950562 -0.773388445 -0.016780807 0.481282622 0.219052449 0.848587930
1403715407962142976.000000 -0.154881030 0.149626762 -0.654151559 -0.011519399 0.504881024 0.193310678 0.841185808
1403715408762142976.000000 0.020092472 0.021971680 -0.489775032 0.032980170 0.461401880 0.165861338 0.870925188
1403715409762142976.000000 0.087304555 -0.068525493 -0.384507686 0.012376743 0.319981843 0.126121506 0.938909888
1403715411812143104.000000 0.137566522 -0.148933038 -0.218627825 0.025217708 0.311125875 0.124137074 0.941888928
1403715412662142976.000000 0.104428649 -0.117602482 -0.232333079 0.010103174 0.309045941 0.128699914 0.942244589
1403715414312143104.000000 0.059303116 0.000000701 -0.214552149 -0.007428306 0.315717459 0.128625959 0.940065265
1403715414962142976.000000 0.041312687 0.005831566 -0.183437109 0.022358177 0.313123763 0.148665875 0.937737763
1403715416562142976.000000 0.057071917 0.064843565 -0.187819541 0.010836605 0.339853644 0.118772045 0.932885468
1403715418412143104.000000 0.058346786 0.066291519 -0.186981365 0.011072003 0.339589000 0.119210549 0.932923138
1403715418662142976.000000 0.058152620 0.066416554 -0.187837660 0.010787860 0.339635998 0.118793517 0.932962537
