1403715277862142976.000000 0.945917487 -5.978131294 -6.522418499 -0.521282434 -0.647064805 -0.349207163 0.433158249
1403715278662142976.000000 0.938172221 -5.956868172 -6.504456520 -0.519079268 -0.635266781 -0.360465765 0.443911463
1403715280162142976.000000 0.890875876 -5.835527420 -6.332202435 -0.525390387 -0.645710826 -0.349885851 0.429653853
1403715282312143104.000000 0.721323848 -5.432384491 -6.223578930 -0.732902467 -0.378789157 -0.502918720 0.257770360
1403715284162142976.000000 0.619352102 -4.873627663 -6.454315186 -0.818347514 -0.103028163 -0.558632314 0.087307617
1403715284562142976.000000 0.645055473 -4.799430370 -6.483659267 -0.815852404 -0.112225577 -0.559202611 0.095303372
1403715284962142976.000000 0.702344775 -4.747588634 -6.500089169 -0.806507528 -0.109162308 -0.574937403 0.084120445
1403715285512143104.000000 0.729358315 -4.714264870 -6.442832947 -0.824980855 -0.018973395 -0.562825382 0.047689568
1403715286112143104.000000 0.792794943 -4.778131008 -6.230012894 -0.827230155 -0.021485040 -0.561110437 0.019591544
1403715286262142976.000000 0.822998047 -4.801102161 -6.192207813 -0.828745842 -0.017124997 -0.558855176 0.023832213
1403715286712143104.000000 0.948111832 -4.864710808 -6.100049019 -0.820287108 -0.011739106 -0.571728945 0.010832213
1403715288112143104.000000 1.356468797 -4.947572708 -5.898618221 0.798756659 -0.145691887 0.577537000 0.084928013
1403715288462142976.000000 1.402812243 -4.993375301 -5.903769493 0.793429971 -0.181734845 0.570060551 0.111679412
1403715289312143104.000000 1.432134867 -5.128616333 -5.960650444 0.793343306 -0.207316712 0.552079558 0.151110604
1403715289762142976.000000 1.460930705 -5.178817749 -6.118466854 0.782205999 -0.266498595 0.531626523 0.185756788
1403715290462142976.000000 1.634948611 -5.226170063 -6.125228882 0.793911159 -0.254455477 0.527445853 0.163579941
1403715290962142976.000000 1.849049330 -5.273272038 -6.091942310 0.780668080 -0.258684129 0.545248508 0.162308156
1403715291312143104.000000 1.994721174 -5.318426609 -6.092068195 0.764632881 -0.290695071 0.554160774 0.154074222
1403715291662142976.000000 2.088412762 -5.404855251 -6.123094082 0.760222435 -0.319581360 0.539475441 0.169987828
1403715291812143104.000000 2.117969275 -5.458497524 -6.137806416 0.759759724 -0.325604320 0.532919765 0.180951878
1403715292112143104.000000 2.176794529 -5.586407661 -6.174823761 0.765362442 -0.316981733 0.521039009 0.205575883
1403715292312143104.000000 2.231150866 -5.672905922 -6.202149391 0.775396764 -0.295341551 0.523375154 0.193937361
1403715295112143104.000000 2.939305544 -6.303374290 -6.111023426 -0.770986021 -0.271018475 -0.545150936 0.186922997
1403715296762142976.000000 2.974420547 -6.641106606 -6.333593845 -0.683660388 -0.465556741 -0.456753582 0.327477634
1403715297262142976.000000 3.092299938 -6.705979347 -6.346194744 -0.651647806 -0.522757173 -0.415974468 0.359228939
1403715297462142976.000000 3.152842760 -6.703771114 -6.367895603 -0.623345196 -0.558021545 -0.393926829 0.380623728
1403715300262142976.000000 3.352737427 -6.236650944 -6.305260181 -0.251801044 -0.769283950 -0.189270705 0.555855215
1403715300712143104.000000 3.286440611 -6.107603073 -6.293321133 -0.252537519 -0.762984574 -0.172197416 0.569585323
1403715300912143104.000000 3.290158987 -6.067671299 -6.287474155 -0.253536731 -0.761657596 -0.182606801 0.567672074
1403715301112143104.000000 3.311474800 -6.040852547 -6.285496712 -0.250176907 -0.759897053 -0.198666692 0.566126823
1403715302862142976.000000 3.626801491 -6.562006950 -6.388020039 -0.302881420 -0.773824871 -0.191817924 0.522172272
1403715304112143104.000000 3.381978989 -6.864796162 -6.439475060 -0.069988646 -0.806600332 -0.034225948 0.585940421
1403715304312143104.000000 3.357797384 -6.901788712 -6.451420784 -0.065249734 -0.808595240 -0.025995674 0.584157765
1403715304762142976.000000 3.345420599 -6.954422474 -6.530264378 -0.070949413 -0.810953081 -0.046261776 0.578948200
1403715305112143104.000000 3.359866858 -6.994891644 -6.549043179 -0.076978713 -0.814340770 -0.051411498 0.572957456
1403715305312143104.000000 3.368488073 -7.020532608 -6.529930115 -0.077371962 -0.817378104 -0.047965314 0.568863809
1403715305662142976.000000 3.380606174 -7.059929371 -6.467119217 -0.066250414 -0.818127573 -0.038882773 0.569882810
1403715307062142976.000000 3.554338932 -6.890734673 -6.052173138 -0.183559224 -0.767525494 -0.170860305 0.589930117
1403715308112143104.000000 3.992248058 -6.938761234 -6.273274899 -0.413697451 -0.719792783 -0.293269098 0.474073857
1403715308512143104.000000 4.037701130 -6.942459106 -6.368170738 -0.464796722 -0.686178505 -0.324761778 0.455689400
1403715309012143104.000000 4.018429756 -6.882270813 -6.363445759 -0.480202407 -0.677185714 -0.310452729 0.463081270
1403715309512143104.000000 4.034450531 -6.738366127 -6.323551655 -0.450514048 -0.676190853 -0.310065180 0.493621945
1403715310962142976.000000 4.477052212 -6.523360729 -6.250119209 -0.501134753 -0.651671529 -0.349827647 0.449231446
1403715311662142976.000000 4.720072269 -6.446630001 -6.228979588 -0.518109262 -0.646808565 -0.348199725 0.438130587
1403715311912143104.000000 4.810921192 -6.375444889 -6.213874817 -0.523452222 -0.638999760 -0.348295778 0.443133324
1403715313162142976.000000 5.164591312 -5.914342880 -6.156187057 -0.490145981 -0.634285450 -0.389452577 0.453613997
1403715313412143104.000000 5.189632893 -5.892169476 -6.105803967 -0.495751888 -0.641845584 -0.369795442 0.453338325
1403715313662142976.000000 5.209255219 -5.893564701 -6.062799931 -0.505901694 -0.640176654 -0.374263942 0.440640390
1403715313912143104.000000 5.214218616 -5.905898094 -6.014756203 -0.515104353 -0.633419394 -0.378228158 0.436338097
1403715314962142976.000000 5.069437504 -5.971904755 -5.946385384 -0.597359717 -0.562446415 -0.426559985 0.380607337
1403715317362142976.000000 4.500741482 -5.902972221 -6.153625965 -0.773465931 -0.277652413 -0.538131058 0.187281907
1403715317762142976.000000 4.405023575 -5.814111233 -6.208412170 -0.801486611 -0.177245632 -0.554659128 0.136222452
1403715318162142976.000000 4.333247185 -5.759921074 -6.253134251 -0.817111075 -0.089824535 -0.559677958 0.104983829
1403715318612143104.000000 4.300131321 -5.794379711 -6.304584980 -0.827588618 -0.064496227 -0.555550218 0.047972232
1403715318812143104.000000 4.305301189 -5.822088242 -6.331406116 -0.842622995 -0.039340232 -0.536620498 0.021844715
1403715319012143104.000000 4.343654633 -5.843791962 -6.352955341 -0.840708315 -0.011590160 -0.541364133 -0.000456983
1403715319212143104.000000 4.410796165 -5.858671188 -6.368990421 0.830894351 -0.014835400 0.555478275 0.028955866
1403715319612143104.000000 4.587754726 -5.845512867 -6.393074036 0.817421794 -0.084036358 0.564642787 0.077059336
1403715320562142976.000000 5.085711479 -5.604079247 -6.190313339 0.773892701 -0.232303604 0.569049656 0.152668655
1403715320762142976.000000 5.163521767 -5.533052444 -6.150541306 0.752889335 -0.296257675 0.563718617 0.166164041
1403715320962142976.000000 5.213529110 -5.469821930 -6.121662617 0.741149962 -0.336475730 0.556250870 0.167528480
1403715321162142976.000000 5.231687069 -5.431598186 -6.098011971 0.742574692 -0.345848918 0.544158041 0.181282610
1403715321562142976.000000 5.200195789 -5.430624485 -6.064371586 0.745923698 -0.344231933 0.539517164 0.184454352
1403715321762142976.000000 5.154174328 -5.467181206 -6.047595978 0.743681729 -0.337671399 0.544145823 0.191887721
1403715321962142976.000000 5.086048126 -5.521845341 -6.027881145 0.726507485 -0.349880338 0.558022499 0.195912048
1403715322162142976.000000 4.983135223 -5.589487076 -6.009889603 0.732021689 -0.363034695 0.537416995 0.208646134
1403715322362142976.000000 4.860887051 -5.671309471 -5.992037296 0.738635540 -0.366825938 0.512307882 0.239576727
1403715322612143104.000000 4.713273525 -5.782271385 -6.021312237 0.734264970 -0.392506272 0.486484528 0.264814198
1403715324162142976.000000 4.646478653 -6.583506107 -5.992724419 0.682528436 -0.375199318 0.547483563 0.306010097
1403715324962142976.000000 4.645151138 -6.537312984 -5.888013840 0.712908447 -0.392813802 0.510990500 0.276310802
1403715325162142976.000000 4.627940178 -6.529428005 -5.873425484 0.706505537 -0.385124773 0.522484899 0.282025605
1403715325462142976.000000 4.593518257 -6.487719536 -5.866738796 0.712697327 -0.390219688 0.518024087 0.267286599
1403715325662142976.000000 4.565302372 -6.453903198 -5.867275238 0.712444246 -0.403432369 0.517789364 0.248112187
1403715326212143104.000000 4.419894218 -6.450191021 -5.880685806 0.718333364 -0.400229394 0.503946483 0.264294624
1403715326562142976.000000 4.317140579 -6.485142231 -5.910860062 0.700192571 -0.388740808 0.523567498 0.290668458
1403715326762142976.000000 4.256810188 -6.481921196 -5.931833744 0.697904348 -0.391936451 0.523289025 0.292376310
1403715327162142976.000000 4.117382050 -6.433607578 -5.975242138 0.703396142 -0.419624895 0.508921623 0.264854014
1403715327412143104.000000 4.010063171 -6.419831276 -5.994490623 0.703514278 -0.430525184 0.504565954 0.255203933
1403715327812143104.000000 3.807982206 -6.466687679 -6.020961761 0.726633549 -0.393109739 0.504731238 0.250429302
1403715328062142976.000000 3.686792374 -6.523670673 -6.042420387 0.744051516 -0.349047273 0.518793881 0.235385299
1403715328312143104.000000 3.573911190 -6.586212158 -6.055323601 0.741112769 -0.325753778 0.534027457 0.243825808
1403715328762142976.000000 3.390763283 -6.623342037 -6.073702812 0.750506163 -0.327905774 0.519929111 0.242676854
1403715329312143104.000000 3.276988029 -6.566598892 -6.105296612 0.794836521 -0.211808681 0.551240087 0.139664620
1403715330062142976.000000 3.205607653 -6.512858868 -6.210824490 0.801149249 -0.174372271 0.562429428 0.106898934
1403715330562142976.000000 3.199932814 -6.501401901 -6.295057774 0.806647658 -0.165146858 0.557608902 0.105443977
1403715331062142976.000000 3.207015991 -6.502870560 -6.212536812 0.803549767 -0.140005797 0.576418519 0.049477275
1403715331562142976.000000 3.166335583 -6.590066433 -6.060602188 0.818491518 -0.054160565 0.571413457 0.024998104
1403715332962142976.000000 3.207518578 -7.035982132 -5.880742073 0.814341545 -0.041062586 0.578898966 0.006141755
1403715333862142976.000000 3.218237162 -7.476395130 -5.904417515 0.819592714 -0.009114088 0.572809458 -0.008612635
1403715334762142976.000000 3.194863319 -7.905907154 -5.906743526 -0.822375834 -0.039232109 -0.566298068 0.038279735
1403715335012143104.000000 3.222064257 -8.028100967 -5.908857346 -0.822086275 -0.040849168 -0.566872716 0.034071933
1403715335312143104.000000 3.267123461 -8.161087990 -5.914273739 -0.822664797 -0.048005197 -0.565428078 0.034776308
1403715335912143104.000000 3.402623892 -8.373043060 -5.930445671 -0.817979693 -0.091919884 -0.563104391 0.073304661
1403715336462142976.000000 3.550035954 -8.550946236 -5.947797775 -0.810631990 -0.114685535 -0.567768216 0.085803814
1403715336712143104.000000 3.611811399 -8.624560356 -5.950819016 -0.811933219 -0.115085565 -0.565842152 0.085688107
1403715337012143104.000000 3.691272259 -8.702012062 -5.940674305 -0.810313106 -0.116105787 -0.568453610 0.082296625
1403715337312143104.000000 3.769187212 -8.754672050 -5.912963390 -0.812777400 -0.138978466 -0.556802928 0.100241393
1403715337562142976.000000 3.846685886 -8.786015511 -5.892555714 -0.810644388 -0.151496917 -0.549895883 0.132359207
1403715338062142976.000000 4.048504829 -8.867587090 -5.856637001 -0.802669883 -0.162292331 -0.559872866 0.126193061
1403715338312143104.000000 4.151051998 -8.909214973 -5.841138363 -0.802312970 -0.158747599 -0.559970260 0.132387593
1403715338562142976.000000 4.254189014 -8.951811790 -5.824479103 -0.797803402 -0.180832416 -0.554218769 0.153788984
1403715338812143104.000000 4.361055851 -9.003330231 -5.801290035 -0.786388695 -0.225615323 -0.548201084 0.173683777
1403715339112143104.000000 4.490998745 -9.075169563 -5.788409710 -0.783062518 -0.255915672 -0.537047088 0.181385756
1403715339862142976.000000 4.819978714 -9.203999519 -5.832143307 -0.777360022 -0.263945937 -0.548861623 0.157464027
1403715340112143104.000000 4.908517361 -9.204216957 -5.857648849 -0.767398119 -0.290186256 -0.550736547 0.153562486
1403715340362142976.000000 4.957347393 -9.153327942 -5.851143837 -0.753657222 -0.323158294 -0.534198940 0.205429122
1403715340612143104.000000 4.985417366 -9.077454567 -5.816869736 -0.740385175 -0.363138437 -0.507413149 0.249984533
1403715340862142976.000000 5.019211769 -8.998690605 -5.792539120 -0.738004744 -0.375441879 -0.492675841 0.267699480
1403715341112143104.000000 5.073337555 -8.918405533 -5.771274567 -0.741885602 -0.367165923 -0.490861058 0.271754384
1403715341612143104.000000 5.231261730 -8.774469376 -5.719786644 -0.732346237 -0.352885246 -0.528629422 0.244319171
1403715341862142976.000000 5.290137291 -8.712839127 -5.701007366 -0.726825058 -0.359426647 -0.540766001 0.223852545
1403715342112143104.000000 5.312544346 -8.642721176 -5.692202568 -0.740849972 -0.353333086 -0.518162489 0.240426049
1403715342362142976.000000 5.326462746 -8.570383072 -5.686818123 -0.747166991 -0.355967730 -0.500790179 0.253451705
1403715342662142976.000000 5.361896038 -8.468008995 -5.685764790 -0.722106695 -0.406977475 -0.495947778 0.258780032
1403715342912143104.000000 5.388638020 -8.358673096 -5.683022022 -0.702080190 -0.433735937 -0.487788677 0.284638077
1403715343212143104.000000 5.413559914 -8.212186813 -5.688770771 -0.692647398 -0.438456714 -0.484281182 0.305723876
1403715343512143104.000000 5.440952778 -8.064526558 -5.712318897 -0.696740389 -0.445380330 -0.476061672 0.299256682
1403715343812143104.000000 5.467989445 -7.901588440 -5.730928421 -0.692371964 -0.443519562 -0.488451630 0.292106986
1403715344112143104.000000 5.475670338 -7.720700741 -5.737448215 -0.682506740 -0.448000014 -0.489518523 0.306353152
1403715344362142976.000000 5.458266735 -7.569925785 -5.743672848 -0.653016210 -0.477393717 -0.493313998 0.319853663
1403715344662142976.000000 5.389719963 -7.409987926 -5.761022568 -0.631843626 -0.500425041 -0.494637698 0.325087637
1403715347012143104.000000 3.834256649 -6.631814957 -5.891220093 -0.675559700 -0.466140330 -0.455045909 0.345348567
1403715348562142976.000000 3.142692566 -6.347716331 -5.832479477 -0.537045181 -0.625429273 -0.345185518 0.448628664
1403715350362142976.000000 3.523730516 -6.095175266 -6.277074814 -0.412052542 -0.725024998 -0.281119972 0.474892616
1403715350662142976.000000 3.592641115 -6.059438229 -6.332162380 -0.409347713 -0.732451558 -0.289136171 0.460813880
1403715351062142976.000000 3.572656393 -5.969429970 -6.382714272 -0.405935228 -0.726420105 -0.294841677 0.469679624
1403715351412143104.000000 3.462686539 -5.878306389 -6.394474030 -0.404534727 -0.719309330 -0.292622685 0.483029813
1403715353012143104.000000 2.661994457 -5.655298710 -6.297411442 -0.339870244 -0.734312415 -0.232737154 0.539543271
1403715353912143104.000000 2.474882364 -5.592426777 -6.257258415 -0.315131068 -0.751039147 -0.227531627 0.533724666
1403715354262142976.000000 2.419797897 -5.604238987 -6.325532913 -0.327600837 -0.752240896 -0.198562726 0.536082327
1403715354762142976.000000 2.368523836 -5.578602791 -6.379120827 -0.317434877 -0.760199130 -0.211405456 0.525965869
1403715355712143104.000000 2.263697386 -5.432531357 -6.165565014 -0.220162928 -0.790039301 -0.146987587 0.552956462
1403715356012143104.000000 2.239260435 -5.377471924 -6.122078896 -0.191992745 -0.800467610 -0.138199165 0.550719023
1403715356312143104.000000 2.201592922 -5.333847046 -6.084820271 -0.189505726 -0.803534567 -0.160195917 0.541070402
1403715356912143104.000000 2.018668413 -5.314781666 -6.071969032 -0.197783247 -0.806196690 -0.117774017 0.545030296
1403715357162142976.000000 1.913770676 -5.290135860 -6.049670219 -0.145565882 -0.812080443 -0.081280127 0.559222281
1403715357662142976.000000 1.700319648 -5.199960709 -5.976933479 -0.085778080 -0.820264459 -0.073302224 0.560745239
1403715357962142976.000000 1.566228867 -5.167421818 -5.956584930 -0.070908263 -0.820227385 -0.088971622 0.560609698
1403715358212143104.000000 1.440065980 -5.176592827 -5.958621979 -0.078944646 -0.824211717 -0.080390565 0.554959655
1403715358462142976.000000 1.287647367 -5.210936546 -5.965161800 -0.073777407 -0.826439857 -0.075639553 0.553021610
1403715359062142976.000000 0.878436804 -5.373949051 -6.002227783 -0.038378872 -0.809556067 -0.019325135 0.585467935
1403715359562142976.000000 0.641005814 -5.506025791 -6.043972015 -0.023858916 -0.807391465 -0.037467685 0.588341773
1403715359812143104.000000 0.564433217 -5.593588829 -6.044825077 -0.032880768 -0.808135927 -0.031962626 0.587208331
1403715360062142976.000000 0.511539817 -5.692224503 -6.035964489 -0.039955907 -0.814793289 -0.023188179 0.577908099
1403715360312143104.000000 0.468638420 -5.788044930 -6.025424480 -0.041264549 -0.817037702 -0.024265721 0.574593723
1403715360612143104.000000 0.428896368 -5.879137993 -6.011712551 -0.096552692 -0.812565565 -0.020947350 0.574435472
1403715360862142976.000000 0.410331160 -5.907679081 -5.991628170 -0.138052329 -0.807340026 -0.074392520 0.568866789
1403715361112143104.000000 0.400148422 -5.914141655 -5.969485760 -0.190111294 -0.797710061 -0.128743798 0.557621121
1403715361612143104.000000 0.369361252 -5.934215069 -5.940583706 -0.289148599 -0.769632638 -0.211864337 0.528367400
1403715362062142976.000000 0.285185069 -5.967996120 -5.959462643 -0.358301699 -0.747097313 -0.247608587 0.502150834
1403715362262142976.000000 0.228886694 -5.973417759 -5.976601601 -0.396756113 -0.725692987 -0.280184776 0.487289190
1403715362862142976.000000 -0.028476700 -5.968224525 -6.036137104 -0.532053232 -0.629138410 -0.355416149 0.441343009
1403715363062142976.000000 -0.125013784 -5.957950115 -6.039780617 -0.574924648 -0.576979518 -0.360825986 0.454269677
1403715363262142976.000000 -0.185555100 -5.947436810 -6.035117626 -0.604000509 -0.550180256 -0.373045266 0.439684451
1403715363512143104.000000 -0.203206167 -5.938058853 -6.015841961 -0.630857646 -0.520847738 -0.397673279 0.415442258
1403715364262142976.000000 -0.050242342 -5.952802181 -5.935374737 -0.704226553 -0.405423403 -0.494037360 0.309231162
1403715364512143104.000000 0.003916811 -5.980344772 -5.903596878 -0.720498979 -0.386926532 -0.488760293 0.303780317
1403715364762142976.000000 0.073705733 -6.020981789 -5.862316608 -0.719115138 -0.384270281 -0.497514129 0.296124071
1403715365612143104.000000 0.290022373 -6.175858974 -5.730689049 -0.753447354 -0.304935098 -0.539567351 0.219542474
1403715366262142976.000000 0.363442421 -6.338486195 -5.684072018 -0.789104879 -0.194855019 -0.551272035 0.188266069
1403715366662142976.000000 0.418743044 -6.526840210 -5.671620369 -0.791586757 -0.213327348 -0.549446106 0.161217138
1403715367112143104.000000 0.501900911 -6.734110355 -5.660118580 -0.798326552 -0.226968661 -0.532684922 0.165550008
1403715367412143104.000000 0.592050731 -6.849856853 -5.641079426 -0.800207973 -0.231089279 -0.525330663 0.174048245
1403715367712143104.000000 0.725403428 -6.953781128 -5.618927002 -0.798821449 -0.236581132 -0.523685932 0.177951515
1403715369012143104.000000 1.530676007 -7.440554142 -5.594901562 -0.783257484 -0.236425653 -0.547972620 0.174174488
1403715369362142976.000000 1.731750011 -7.602228165 -5.605430126 -0.772438943 -0.292676359 -0.526050270 0.202360764
1403715369812143104.000000 1.995137453 -7.760554790 -5.605803013 -0.735361993 -0.382132530 -0.498026371 0.255318046
1403715370212143104.000000 2.233761549 -7.838520527 -5.619225979 -0.721038103 -0.409119099 -0.498321623 0.253773808
1403715372712143104.000000 3.809064865 -7.486752510 -5.655017853 -0.699168921 -0.424176931 -0.490243345 0.301493466
1403715373212143104.000000 4.158494473 -7.361196995 -5.615128994 -0.699084163 -0.423635691 -0.482505620 0.314646810
1403715373712143104.000000 4.493505955 -7.252114296 -5.594560146 -0.682653606 -0.447503656 -0.491915256 0.302892566
1403715374162142976.000000 4.700250626 -7.137994766 -5.588360786 -0.629463017 -0.520608962 -0.450592726 0.360151082
1403715376312143104.000000 4.825505257 -6.215662479 -5.636463165 -0.592509151 -0.553764582 -0.424614489 0.402467757
1403715376712143104.000000 4.743664742 -6.067926407 -5.684115410 -0.583795965 -0.566059470 -0.428399622 0.393996000
1403715377062142976.000000 4.637063503 -5.987064838 -5.716457844 -0.566419780 -0.563069046 -0.437845170 0.412811816
1403715377412143104.000000 4.491916180 -5.967248440 -5.750417233 -0.567175865 -0.577187598 -0.423472255 0.407231241
1403715377762142976.000000 4.313727379 -5.992836475 -5.781521797 -0.567322195 -0.579711556 -0.417823881 0.409271777
1403715379312143104.000000 3.580287457 -6.254717827 -5.850607395 -0.577101171 -0.593052804 -0.401920646 0.392049134
1403715380112143104.000000 3.165719032 -6.155716419 -5.788629055 -0.566457927 -0.589770615 -0.419060439 0.394568741
1403715381012143104.000000 2.523563147 -6.035470009 -5.732528687 -0.570016980 -0.584087253 -0.414202452 0.402938008
1403715381862142976.000000 1.921339273 -6.052137375 -5.727267742 -0.585501671 -0.578978181 -0.414431721 0.387580216
1403715384712143104.000000 0.649512231 -5.265313625 -5.852476120 -0.809740663 -0.177016005 -0.539352536 0.148607537
1403715385162142976.000000 0.694662631 -5.187525749 -5.841343880 -0.819077611 -0.114850871 -0.553785682 0.096138909
1403715386162142976.000000 0.991562724 -5.135127544 -5.748070240 -0.804927051 -0.095830187 -0.579478920 0.084339701
1403715386662142976.000000 1.108184099 -5.226467609 -5.724766731 -0.801622152 -0.086198844 -0.584557891 0.090906225
1403715387662142976.000000 1.226983309 -5.756979942 -5.793563843 -0.821243048 -0.101982310 -0.554173946 0.089726090
1403715389162142976.000000 1.800962925 -6.791656017 -5.909578323 -0.807422936 -0.129464105 -0.567865729 0.093998387
1403715389662142976.000000 2.010890722 -7.079326630 -5.863054752 -0.805373132 -0.138504520 -0.567880809 0.098499238
1403715390162142976.000000 2.211907625 -7.313518524 -5.868436337 -0.804527581 -0.205142468 -0.539590716 0.139620781
1403715390662142976.000000 2.468446493 -7.457209110 -5.904610634 -0.770037413 -0.307032704 -0.530037940 0.178418800
1403715391162142976.000000 2.736937761 -7.454029560 -5.942822933 -0.758997262 -0.344720811 -0.498110563 0.238697931
1403715391662142976.000000 3.082307100 -7.371712208 -5.965611458 -0.747674823 -0.357037842 -0.490647823 0.269761056
1403715392162142976.000000 3.523398876 -7.258921146 -5.864709377 -0.727226913 -0.404450536 -0.480961800 0.276109844
1403715392612143104.000000 3.939925671 -7.102585316 -5.759320259 -0.673426151 -0.445834130 -0.491676569 0.325550944
1403715393512143104.000000 4.549724579 -6.851102352 -5.690477848 -0.535432875 -0.614076197 -0.410100311 0.409926534
1403715393962142976.000000 4.657503128 -6.770216465 -5.701003551 -0.457762063 -0.681235373 -0.326808602 0.468581349
1403715394412143104.000000 4.686287880 -6.723394871 -5.717228413 -0.352169603 -0.736765862 -0.256595731 0.517021656
1403715394862142976.000000 4.674867630 -6.735595703 -5.731786251 -0.231738687 -0.783769131 -0.172306925 0.549830437
1403715395312143104.000000 4.640588284 -6.811012268 -5.749517441 -0.094896145 -0.818615079 -0.073730171 0.561629713
1403715395712143104.000000 4.582441807 -6.901539326 -5.789767742 -0.011551713 -0.827149510 -0.010912515 0.561757326
1403715396112143104.000000 4.492601395 -6.999752998 -5.850441933 0.013174741 -0.825065553 0.036330640 0.563713908
1403715396512143104.000000 4.381169319 -7.047796249 -5.892253876 0.024177933 -0.819778085 0.014760789 0.571980417
1403715396912143104.000000 4.276480675 -7.097369671 -5.944579124 0.052369528 -0.820595324 0.034479465 0.568059921
1403715397262142976.000000 4.175596237 -7.151185036 -6.012137890 0.056382265 -0.835507691 0.056650449 0.543634772
1403715397612143104.000000 4.006656170 -7.178825855 -6.069068909 0.046506025 -0.833451986 0.075840145 0.545383751
1403715397962142976.000000 3.780877829 -7.141389847 -6.086620331 0.053106163 -0.816188812 0.063488349 0.571825802
1403715398462142976.000000 3.501964331 -7.040306568 -6.123950481 0.053504817 -0.807288408 0.041676044 0.586247265
1403715398862142976.000000 3.375302553 -6.973756313 -6.155766010 0.059705853 -0.797169328 0.012124489 0.600674033
1403715399362142976.000000 3.378628254 -7.004159927 -6.174163818 0.060188416 -0.801513433 0.022564128 0.594511867
1403715399862142976.000000 3.508483887 -7.144468784 -6.183071136 0.052589767 -0.831647873 0.025886424 0.552201152
1403715400312143104.000000 3.564885139 -7.339536667 -6.150380135 0.019759035 -0.831565797 -0.019359056 0.554737031
1403715400662142976.000000 3.545804262 -7.555824757 -6.130285740 -0.063462451 -0.831195712 -0.061519865 0.548909485
1403715401012143104.000000 3.472268581 -7.802124023 -6.135492802 -0.168647841 -0.821737707 -0.090624489 0.536742330
1403715401362142976.000000 3.333081245 -8.005408287 -6.129736423 -0.193825424 -0.820383430 -0.120014817 0.524403751
1403715401762142976.000000 3.078293085 -8.169279099 -6.086246014 -0.211356580 -0.796794474 -0.115427978 0.554187179
1403715402112143104.000000 2.851346254 -8.248222351 -6.048324585 -0.214085713 -0.789058089 -0.141040787 0.558267236
1403715402462142976.000000 2.664488316 -8.309404373 -6.030950546 -0.220488161 -0.779533923 -0.176689178 0.559010446
1403715402862142976.000000 2.485442400 -8.431530952 -6.028189659 -0.255779475 -0.768415391 -0.195919916 0.552928627
1403715403212143104.000000 2.343778133 -8.573097229 -6.028168201 -0.292517990 -0.781153202 -0.164274111 0.526542544
1403715403562142976.000000 2.193315744 -8.636673927 -6.006612301 -0.298131615 -0.777853847 -0.185732976 0.521118343
1403715403912143104.000000 2.025330305 -8.625226974 -5.996721745 -0.362250477 -0.756966770 -0.213817582 0.500058055
1403715404212143104.000000 1.869553804 -8.548995018 -5.976794243 -0.402999997 -0.726097465 -0.267544180 0.488665134
1403715404512143104.000000 1.694370627 -8.451114655 -5.965654373 -0.417066783 -0.709981441 -0.308413506 0.476301163
1403715404812143104.000000 1.487056494 -8.369714737 -5.975348473 -0.429647416 -0.696281016 -0.305482715 0.487110078
1403715405112143104.000000 1.279639602 -8.300091743 -5.995095253 -0.466695547 -0.666048765 -0.314907610 0.489293009
1403715405412143104.000000 1.115652800 -8.243821144 -6.019785881 -0.535009205 -0.620571017 -0.347125113 0.456246674
1403715405712143104.000000 0.998663127 -8.187563896 -6.043981552 -0.593382418 -0.576977491 -0.391066223 0.402568698
1403715406012143104.000000 0.900617421 -8.115290642 -6.070835590 -0.641533136 -0.524211884 -0.430375397 0.358349323
1403715406362142976.000000 0.796156168 -8.005263329 -6.122979164 -0.692743361 -0.444427788 -0.469823927 0.319148898
1403715406712143104.000000 0.720050037 -7.891539097 -6.193019867 -0.741587460 -0.369733214 -0.485858500 0.278005272
1403715407012143104.000000 0.699334025 -7.798545361 -6.249891758 -0.764404833 -0.313100398 -0.513503671 0.232308924
1403715407362142976.000000 0.711561561 -7.691766739 -6.300801277 -0.797583520 -0.266471088 -0.508085787 0.186286405
1403715407712143104.000000 0.794500947 -7.549416065 -6.311766624 -0.790592730 -0.261086643 -0.526619852 0.171664000
1403715408062142976.000000 0.911097527 -7.363357067 -6.291119099 -0.781949401 -0.265753686 -0.536210179 0.174381137
1403715408412143104.000000 1.033120990 -7.153699875 -6.190854073 -0.777280390 -0.263238311 -0.539754510 0.187632680
1403715408762142976.000000 1.143890738 -6.945527077 -6.186591148 -0.745351553 -0.298523128 -0.552865624 0.222878233
1403715410462142976.000000 1.296918392 -6.520633221 -5.995824814 -0.712699175 -0.405890763 -0.499924600 0.278187066
1403715410962142976.000000 1.319278836 -6.375416756 -6.019921780 -0.695188463 -0.408676445 -0.514016151 0.292376548
1403715411362142976.000000 1.291493773 -6.291634083 -6.045721054 -0.701110363 -0.413333118 -0.491629183 0.309678435
1403715411862142976.000000 1.261062980 -6.261976719 -6.070677280 -0.694315076 -0.424432009 -0.491653889 0.309936494
1403715412362142976.000000 1.225974798 -6.294926643 -6.097396374 -0.698090553 -0.426799804 -0.486068755 0.306999505
1403715412762142976.000000 1.200942993 -6.330742359 -6.117354393 -0.703479052 -0.429926366 -0.479633778 0.300386339
1403715413262142976.000000 1.182463646 -6.344644547 -6.162751198 -0.699300528 -0.428013206 -0.487248600 0.300619990
1403715413662142976.000000 1.167236328 -6.357483864 -6.268099785 -0.700033605 -0.420282632 -0.486820906 0.310356110
1403715414062142976.000000 1.159948587 -6.391762733 -6.349060535 -0.696707308 -0.426534683 -0.492403477 0.300343275
1403715414412143104.000000 1.134475350 -6.414803982 -6.342528343 -0.711663246 -0.434679121 -0.472619534 0.284991741
1403715414762142976.000000 1.110507727 -6.381679535 -6.356359959 -0.702932715 -0.425121993 -0.486629337 0.297235399
1403715415112143104.000000 1.088416100 -6.339488029 -6.418969631 -0.713348091 -0.399407834 -0.477540255 0.321812451
1403715415412143104.000000 1.104641676 -6.332876682 -6.467604160 -0.708478987 -0.404789627 -0.493819863 0.300574303
1403715415612143104.000000 1.117291570 -6.336965561 -6.483189583 -0.703420639 -0.412239164 -0.505317390 0.282688200
1403715415812143104.000000 1.118247390 -6.338123798 -6.499796867 -0.704165041 -0.412190288 -0.506278217 0.279165179
1403715416112143104.000000 1.112668872 -6.334213734 -6.499659538 -0.702715218 -0.412104458 -0.508962393 0.278062165
1403715416512143104.000000 1.114390254 -6.332316875 -6.501013279 -0.705796719 -0.411414653 -0.505019188 0.278468460
1403715416862142976.000000 1.115106225 -6.333096027 -6.501954079 -0.705944717 -0.411241174 -0.504725337 0.278881758
1403715417312143104.000000 1.114202857 -6.333617687 -6.502136707 -0.705948472 -0.410942465 -0.504758954 0.279251695
1403715417612143104.000000 1.113784194 -6.334181786 -6.501970291 -0.706153452 -0.410828441 -0.504481435 0.279402494
1403715418062142976.000000 1.113134742 -6.334730148 -6.501503944 -0.706173837 -0.410738945 -0.504464984 0.279512495
1403715418562142976.000000 1.112696767 -6.335414886 -6.500866413 -0.706257224 -0.410646021 -0.504396260 0.279562056
1403715418712143104.000000 1.112535834 -6.335767746 -6.500572205 0.706295729 0.410578012 0.504402518 -0.279553622
