1403715273.262143 0.000000000 0.000000000 0.000000000 -0.000000000 -0.000000000 -0.000000000 1.000000000
1403715278.762143 -0.003348813 -0.029447565 0.009607997 0.024938149 0.003658018 0.008983859 0.999641955
1403715278.862143 -0.005758492 -0.047936071 0.011421326 0.031578168 0.002509006 0.011430951 0.999432802
1403715278.912143 -0.007221455 -0.056951985 0.011615758 0.032848537 0.002655511 0.011613241 0.999389350
1403715281.662143 -0.040462963 -0.244157135 0.137858599 0.008556477 0.206360847 0.084466107 0.974785864
1403715282.062143 -0.042617135 -0.254011035 0.192076519 0.002339247 0.316733479 0.127934456 0.939844251
1403715282.162143 -0.043140292 -0.255568951 0.207584888 0.000997541 0.341782749 0.136538014 0.929806948
1403715282.362143 -0.040495813 -0.258520961 0.238677993 -0.002304334 0.388815492 0.154204383 0.908316195
1403715282.462143 -0.039867416 -0.258011281 0.254515618 -0.004398272 0.411459655 0.161762089 0.896947384
1403715283.862143 -0.026601136 -0.262353301 0.498783916 0.001958055 0.636181176 0.256346703 0.727706015
1403715284.562143 -0.002812982 -0.257385105 0.574135244 0.004274782 0.627907872 0.260376096 0.733428717
1403715284.912143 0.026234031 -0.254792333 0.593027353 0.006241276 0.635603726 0.244409770 0.732279181
1403715285.212143 0.047408223 -0.258734703 0.602815032 0.021675656 0.676284194 0.260263562 0.688790798
1403715285.762143 0.060719788 -0.329483867 0.572342634 0.011945432 0.696239591 0.303318143 0.650465846
1403715286.162143 0.085579455 -0.372375190 0.516369462 -0.009803643 0.704616189 0.288865060 0.648056269
1403715286.312143 0.098580658 -0.382783264 0.496139824 -0.008111971 0.703585565 0.292494953 0.647571027
1403715286.812143 0.164087713 -0.405348539 0.434477627 -0.002396128 0.725344777 0.280926675 0.628450036
1403715287.112143 0.207787514 -0.412260056 0.409027427 -0.017080512 0.739208579 0.292969853 0.606174588
1403715287.862143 0.324749112 -0.450124949 0.362946570 0.013055116 0.778213084 0.311468363 0.545161843
1403715288.012143 0.342116177 -0.456902742 0.345572412 0.009587117 0.802301824 0.311020970 0.509397507
1403715288.662143 0.377444923 -0.443198949 0.294205189 0.008459461 0.835708022 0.325382799 0.442319661
1403715289.262143 0.372673631 -0.403702348 0.256319612 -0.017148502 0.850208461 0.328120887 0.411324918
1403715289.562143 0.374551594 -0.351435751 0.254697621 -0.022293977 0.866341114 0.339482546 0.365660548
1403715289.712143 0.379460752 -0.322165281 0.256274343 -0.022615930 0.871561706 0.348907888 0.343703479
1403715290.162143 0.417469561 -0.281305790 0.245700553 -0.018945126 0.871766210 0.346866846 0.345468193
1403715290.462143 0.459691375 -0.291969240 0.223312542 -0.020114262 0.859868765 0.359829873 0.361584991
1403715290.912143 0.548944414 -0.289229572 0.182264149 -0.006977613 0.866131842 0.346352309 0.360287577
1403715291.262143 0.616461039 -0.276727557 0.149395347 0.024913356 0.871758938 0.351500303 0.340386927
1403715291.662143 0.662475049 -0.238673717 0.101753563 0.021441635 0.879895151 0.365165740 0.303280026
1403715291.812143 0.669534087 -0.219277918 0.077051818 0.013973305 0.882944882 0.366725117 0.292789638
1403715291.962143 0.676337183 -0.197648346 0.050372899 -0.007081314 0.886951983 0.362080008 0.286642790
1403715292.162143 0.688840330 -0.169055983 0.013266206 -0.014697646 0.885827839 0.362234354 0.289619267
1403715292.362143 0.705892682 -0.139403552 -0.024693549 -0.020818995 0.875955939 0.358792365 0.321769834
1403715292.562143 0.731625676 -0.109601676 -0.062147617 -0.020810874 0.860694885 0.346685588 0.372263908
1403715292.962143 0.795108557 -0.083593905 -0.131073236 -0.016373944 0.817142069 0.302052140 0.490688533
1403715294.612143 0.946423233 -0.125368595 -0.337675810 0.014671164 0.583165884 0.226469830 0.780008733
1403715294.862143 0.943407774 -0.081173986 -0.350813657 -0.003680401 0.537980914 0.209822685 0.816417515
1403715295.112143 0.944850683 -0.044371158 -0.362020999 0.006869950 0.495345205 0.187093690 0.848281741
1403715295.862143 0.927167833 0.003748361 -0.409504056 0.021824909 0.362561762 0.132519409 0.922231674
1403715296.762143 0.911466002 0.119882956 -0.482337296 0.002596022 0.260146081 0.117106959 0.958437920
1403715299.562143 1.200400352 0.123727769 -0.484090805 -0.002030479 -0.166322723 -0.050023273 0.984799683
1403715300.312143 1.125762463 0.061377868 -0.369248092 0.048908122 -0.328615487 -0.123286203 0.935104489
1403715300.562143 1.113184929 0.042254657 -0.334543526 0.052595165 -0.341310054 -0.110620752 0.931935728
1403715301.062143 1.125528455 0.021718301 -0.292902082 0.057669900 -0.322972894 -0.117428549 0.937322378
1403715301.862143 1.195596695 0.075190663 -0.348318398 0.036677610 -0.309911400 -0.121769048 0.942221820
1403715302.462143 1.234327316 0.138717920 -0.449543059 0.028275270 -0.285240352 -0.133317813 0.948717475
1403715303.062143 1.216728687 0.189874366 -0.559276640 -0.008535594 -0.299056619 -0.115182593 0.947219789
1403715303.662143 1.152701974 0.221415594 -0.605200887 0.030520828 -0.442673564 -0.177563131 0.878396213
1403715304.062143 1.100173950 0.237424552 -0.640593708 0.034840874 -0.528471470 -0.184240028 0.827985287
1403715304.212143 1.087610960 0.245531917 -0.650563359 0.034384992 -0.539416671 -0.182024896 0.821410000
1403715304.362143 1.078945279 0.253608167 -0.659202039 0.028280297 -0.540260136 -0.184753567 0.820478797
1403715305.062143 1.070415258 0.313451767 -0.674370468 0.030125609 -0.515741765 -0.194683358 0.833787262
1403715305.162143 1.071667314 0.310836345 -0.682640553 0.028234083 -0.515745938 -0.194511965 0.833890915
1403715305.412143 1.074570656 0.307193547 -0.701923192 0.021492695 -0.518173337 -0.197336003 0.831921279
1403715305.862143 1.079679012 0.252943873 -0.748645902 0.020822275 -0.535451055 -0.198585659 0.820623159
1403715307.962143 1.348073125 0.182023153 -0.740686715 0.006021210 -0.165697202 -0.078769349 0.983007431
1403715308.312143 1.379336596 0.226619080 -0.732457638 0.006436611 -0.088132031 -0.054736819 0.994582951
1403715309.212143 1.383689523 0.212754861 -0.674896538 0.013384409 -0.083176963 -0.003328614 0.996439338
1403715310.512143 1.549866080 0.140135020 -0.576234043 0.049627621 -0.055461798 -0.019155819 0.997042716
1403715310.962143 1.633866191 0.139393806 -0.592410862 0.016565546 -0.015921175 -0.008834594 0.999696970
1403715311.312143 1.691547751 0.137109265 -0.596742153 0.005474428 -0.014957539 0.017412191 0.999721527
1403715311.662143 1.760167360 0.126657367 -0.582149267 0.004013412 -0.002855866 0.002132297 0.999985576
1403715313.462143 2.041422367 -0.007014080 -0.398139775 0.032144103 -0.004449195 -0.012271556 0.999398053
1403715313.712143 2.049789906 -0.025284503 -0.408837140 0.026199665 0.013925626 -0.013722623 0.999465525
1403715313.912143 2.050713301 -0.041632220 -0.419920892 0.025152395 0.021279978 -0.006996694 0.999432683
1403715314.112143 2.046524763 -0.054585990 -0.432081610 0.021155117 0.033169791 0.001086609 0.999225259
1403715314.312143 2.044108152 -0.061459828 -0.440747440 0.014126456 0.076407738 0.006703366 0.996954024
1403715316.962143 1.756884575 -0.033265755 -0.367395222 0.002933266 0.403701901 0.145382196 0.903260887
1403715317.212143 1.740596056 -0.023912355 -0.328960001 0.004774887 0.454691470 0.171832398 0.873903036
1403715317.512143 1.715664148 -0.017882824 -0.281039178 0.001782209 0.524210274 0.206272915 0.826227546
1403715317.812143 1.693632841 -0.016633391 -0.236407757 0.012015325 0.583461523 0.241105974 0.775432885
1403715318.312143 1.666686773 -0.005212188 -0.199671388 0.017434916 0.643769979 0.278655231 0.712465823
1403715318.662143 1.656098127 0.021600604 -0.209921479 -0.019478349 0.676302671 0.280900598 0.680683613
1403715319.062143 1.683240175 0.058175921 -0.226501226 -0.031829327 0.719436526 0.298796892 0.626193583
1403715319.362143 1.739683390 0.076091349 -0.237356782 -0.031092880 0.762368917 0.290807962 0.577284813
1403715319.662143 1.811241269 0.085443377 -0.239564657 -0.022475285 0.795006633 0.299516708 0.527019024
1403715320.262143 1.984787464 0.012208045 -0.234105587 -0.019297611 0.827905297 0.304511070 0.470609665
1403715320.812143 2.130354166 -0.061590910 -0.199346542 0.039770659 0.886091590 0.341195256 0.311200589
1403715321.012143 2.159641266 -0.085712075 -0.185644388 0.044361934 0.888675869 0.359414101 0.281262696
1403715321.362143 2.166264534 -0.105955839 -0.175566435 0.028943202 0.891064048 0.365390599 0.267688036
1403715321.662143 2.142727375 -0.112864435 -0.186995983 0.023955265 0.891006589 0.361264408 0.273900479
1403715321.862143 2.112468719 -0.117133439 -0.208263874 0.035052918 0.898467779 0.347138077 0.266499788
1403715322.112143 2.048995972 -0.117729068 -0.238663793 0.034556147 0.901770532 0.354502857 0.244833797
1403715322.412143 1.952610135 -0.110712588 -0.282386780 -0.015062011 0.906795621 0.364663512 0.210986599
1403715322.712143 1.856837749 -0.068378329 -0.319503903 -0.028506311 0.909419358 0.376982242 0.173286468
1403715323.012143 1.787881017 -0.025567532 -0.373958826 -0.035687968 0.912697434 0.371818244 0.165713415
1403715323.262143 1.751199722 -0.004890859 -0.437651515 -0.041262019 0.913571239 0.367827684 0.168486997
1403715323.512143 1.737361431 0.029481053 -0.501054406 -0.041490097 0.913537383 0.367671579 0.168954477
1403715323.762143 1.746353388 0.041626096 -0.580737710 -0.030255612 0.927976727 0.331716627 0.167056784
1403715324.012143 1.766232133 0.045850456 -0.645856023 -0.016831614 0.943616688 0.285125256 0.167355508
1403715324.612143 1.795974493 0.010878265 -0.661660910 0.016508643 0.915995896 0.361921310 0.172313660
1403715325.112143 1.777072906 -0.020627201 -0.661789417 -0.013385482 0.925958514 0.333696038 0.176262915
1403715326.412143 1.652526140 -0.034809291 -0.609563351 -0.016097542 0.924324811 0.340596855 0.171342656
1403715326.712143 1.609062672 -0.023491740 -0.602886438 -0.014356674 0.931991160 0.322053820 0.165733829
1403715327.112143 1.548753858 -0.018534005 -0.563050747 0.005709788 0.920807421 0.357010841 0.156921402
1403715327.412143 1.489573956 -0.018375814 -0.540238500 0.015956774 0.915739477 0.371486753 0.152197897
1403715327.762143 1.401294231 -0.009743690 -0.536236644 -0.002540471 0.911690533 0.368748367 0.181214392
1403715328.012143 1.336544752 0.003651679 -0.543239236 -0.011645481 0.904042244 0.358935326 0.231813401
1403715328.312143 1.263826728 0.018995464 -0.559101343 -0.018815048 0.908438444 0.331287652 0.254232287
1403715328.662143 1.188896298 0.024894238 -0.562272310 -0.028420027 0.908116281 0.337612331 0.246038646
1403715329.012143 1.140858650 0.021812022 -0.537808776 -0.017668379 0.886111081 0.342794865 0.311426818
1403715329.362143 1.111555934 0.020518422 -0.504728436 -0.008964344 0.843985021 0.335090220 0.418716401
1403715329.762143 1.091630459 0.033918023 -0.475843430 -0.007244116 0.828919888 0.330222726 0.451433659
1403715330.212143 1.080596924 0.068079650 -0.448903322 -0.004815503 0.825990200 0.327057987 0.459075272
1403715331.012143 1.083323717 0.053123057 -0.451560616 0.026665855 0.803965330 0.326613069 0.496238410
1403715331.562143 1.051995516 -0.003819108 -0.512824476 0.000916129 0.757824242 0.300968379 0.578895152
1403715332.762143 1.019080639 -0.015233934 -0.696269155 0.009003256 0.747992694 0.318077177 0.582454145
1403715334.562143 0.936608076 0.146533340 -1.075218201 0.002567924 0.690775931 0.284197628 0.664871335
1403715335.012143 0.935106277 0.188063622 -1.177201986 -0.004156314 0.692997336 0.276028872 0.665992081
1403715335.512143 0.953820467 0.233339906 -1.274606228 -0.005736667 0.678111970 0.270603716 0.683304369
1403715335.962143 0.987719059 0.271108896 -1.349787712 0.001892332 0.647576809 0.260181874 0.716202557
1403715336.462143 1.033623815 0.313879669 -1.429496527 0.003293866 0.635797203 0.248225346 0.730845571
1403715337.012143 1.086347342 0.344628930 -1.510146618 0.001430530 0.637257397 0.245806962 0.730397165
1403715337.512143 1.141939878 0.343721330 -1.565691710 0.005114173 0.590187728 0.253281623 0.766486049
1403715337.962143 1.218990326 0.351849943 -1.618546486 0.007672178 0.586164117 0.235555142 0.775155783
1403715338.362143 1.292911291 0.359688252 -1.665457487 0.016216885 0.583720565 0.241406798 0.775067806
1403715338.812143 1.370139837 0.368283600 -1.726361990 0.013798151 0.528238237 0.214498967 0.821440279
1403715339.312143 1.462425947 0.395235837 -1.799580216 -0.000777258 0.501036823 0.196032047 0.842931211
1403715339.762143 1.550378084 0.430692852 -1.844065189 -0.003293771 0.510875583 0.194263071 0.837411046
1403715340.162143 1.614264965 0.459004015 -1.851661444 -0.015902190 0.500856638 0.158792019 0.850690842
1403715340.612143 1.648683071 0.418850780 -1.815594912 0.001595434 0.393749505 0.158180609 0.905504107
1403715341.062143 1.697933912 0.376887143 -1.767398596 0.003983689 0.367576897 0.174309686 0.913502872
1403715341.512143 1.781771660 0.339453399 -1.726179481 0.018073317 0.403098136 0.154885262 0.901773751
1403715341.912143 1.838823795 0.314622223 -1.694748044 0.007681728 0.422639221 0.130813539 0.896774769
1403715342.262143 1.858285546 0.290769696 -1.655669689 0.001134673 0.399308205 0.168896124 0.901124775
1403715342.612143 1.881456971 0.274305344 -1.611263275 -0.009748322 0.364090860 0.142546132 0.920338809
1403715343.012143 1.916872263 0.244273007 -1.539235711 0.006450876 0.313310653 0.116901100 0.942405999
1403715343.462143 1.955653906 0.216166660 -1.441977382 -0.000419990 0.300131232 0.116954304 0.946700990
1403715343.962143 2.001001358 0.181531608 -1.316349983 0.008760747 0.311534166 0.107708074 0.944070280
1403715344.462143 2.012939930 0.133385926 -1.183291793 0.030016651 0.264067888 0.059887473 0.962174952
1403715345.162143 1.890322208 0.083425045 -1.000251532 0.027461287 0.232394367 0.069201581 0.969767988
1403715346.962143 1.338034630 -0.035029292 -0.639167666 0.020221688 0.245737955 0.115221135 0.962251544
1403715348.262143 1.058030605 -0.147602364 -0.498697042 0.024906380 0.060050745 0.057056196 0.996252060
1403715349.712143 1.109698772 -0.034287203 -0.335977942 0.036274552 -0.061056606 -0.016068170 0.997345507
1403715350.212143 1.194555521 0.016186386 -0.328372985 0.015582762 -0.136743650 -0.048809923 0.989280522
1403715350.662143 1.257074356 0.053339429 -0.305944055 -0.008020165 -0.129548877 -0.080159739 0.988295078
1403715351.162143 1.246701121 0.055685695 -0.240753785 0.004435764 -0.130767554 -0.077672876 0.988355756
1403715351.612143 1.172804475 0.028997626 -0.171501130 0.035160162 -0.134806141 -0.069394700 0.987813473
1403715353.512143 0.804092467 -0.126793444 -0.039551891 0.032093186 -0.246685654 -0.087114587 0.964638412
1403715354.162143 0.750498116 -0.092510134 -0.013075337 0.022551050 -0.265845567 -0.084092699 0.960076034
1403715354.662143 0.725499213 -0.060855880 0.012367073 0.017245742 -0.264165699 -0.098614529 0.959267557
1403715355.162143 0.705980957 -0.122817338 0.024469107 0.018853880 -0.273720294 -0.092872441 0.957129300
1403715355.662143 0.693372011 -0.184353873 0.042670168 0.024137380 -0.363705337 -0.133185223 0.921627641
1403715356.062143 0.687345803 -0.227015540 0.065409496 0.024832245 -0.391538024 -0.162733898 0.905317128
1403715356.912143 0.590261757 -0.268743604 0.098602012 0.005365164 -0.402987480 -0.151777416 0.902516484
1403715357.262143 0.530510426 -0.301092803 0.122633666 0.016693396 -0.477222323 -0.177673459 0.860472143
1403715357.562143 0.478098661 -0.334046543 0.151625454 0.027243005 -0.493911177 -0.200139374 0.845726848
1403715357.912143 0.410359681 -0.360821903 0.177442074 0.043262962 -0.491126865 -0.219238922 0.841936469
1403715358.212143 0.336325586 -0.367373914 0.189914659 0.029418005 -0.491660476 -0.216908813 0.842825651
1403715358.512143 0.242683366 -0.363069862 0.185724586 0.031551346 -0.500038505 -0.222419813 0.836358428
1403715358.812143 0.132129133 -0.358865201 0.161615908 0.039436091 -0.535894990 -0.206379890 0.817721665
1403715359.112143 0.033283457 -0.341020525 0.146961525 0.036107358 -0.559502780 -0.200274199 0.803457081
1403715359.362143 -0.033230677 -0.325072944 0.135715708 0.043870952 -0.561280370 -0.204419866 0.800782263
1403715359.862143 -0.129002392 -0.299013555 0.083741888 0.044786181 -0.553689122 -0.207101539 0.805314541
1403715360.162143 -0.167748839 -0.283570826 0.034390256 0.030947153 -0.553968191 -0.208228096 0.805482805
1403715360.362143 -0.190003902 -0.274947971 0.000748143 0.025847830 -0.550709426 -0.202694863 0.809299588
1403715360.562143 -0.209848508 -0.272171497 -0.026301861 0.009332593 -0.536830604 -0.173491552 0.825606823
1403715360.862143 -0.227531314 -0.272130400 -0.042355455 0.020665292 -0.472290158 -0.163255647 0.865946054
1403715361.112143 -0.233522981 -0.282172441 -0.045629553 0.026316561 -0.406013906 -0.151827961 0.900782168
1403715361.412143 -0.247739732 -0.294925094 -0.049990743 0.024522439 -0.325004965 -0.131150514 0.936253130
1403715361.662143 -0.262281179 -0.297778219 -0.053782754 0.024114311 -0.276325762 -0.119170859 0.953341961
1403715362.012143 -0.300943494 -0.289917141 -0.057255164 0.009063822 -0.218813077 -0.092902444 0.971291840
1403715362.262143 -0.338642865 -0.287100106 -0.047814064 0.009625087 -0.154113352 -0.072150342 0.985368371
1403715362.562143 -0.390612662 -0.278564334 -0.026368340 0.008844503 -0.064681835 -0.040700946 0.997036397
1403715362.962143 -0.487160861 -0.280451119 0.006023006 0.019525813 0.028015057 0.049791262 0.998175740
1403715363.462143 -0.545679212 -0.302705199 0.030200152 0.023839647 0.123198189 0.108619101 0.986131728
1403715364.012143 -0.491371036 -0.319393098 0.019367157 0.027557887 0.265426099 0.118543312 0.956418872
1403715364.562143 -0.432042748 -0.335440785 -0.020010151 0.025132231 0.336011618 0.161150157 0.927628815
1403715365.162143 -0.349991292 -0.356225401 -0.103501320 0.005904310 0.397686094 0.148556203 0.905396044
1403715365.912143 -0.293607444 -0.366320819 -0.185922042 0.026522243 0.507757366 0.210680008 0.834920943
1403715366.862143 -0.268211335 -0.304434538 -0.377518713 -0.003555230 0.533842921 0.220527783 0.816312790
1403715367.762143 -0.157481313 -0.253239185 -0.562674999 -0.005503403 0.509762645 0.227776438 0.829596102
1403715368.712143 0.100004196 -0.178485125 -0.762701511 0.023535453 0.521926522 0.212548688 0.825749278
1403715369.662143 0.315837741 -0.066936016 -0.997925520 -0.004548903 0.399488896 0.163285017 0.902067602
1403715370.712143 0.581188262 -0.005470287 -1.104602933 0.015943971 0.361299783 0.155546397 0.919246197
1403715372.562143 1.184833884 0.016105931 -1.052658439 0.013514483 0.326980174 0.130784571 0.935840130
1403715373.462143 1.511147141 -0.026951719 -1.024856210 0.018344801 0.310273468 0.127395675 0.941893935
1403715374.162143 1.696683645 -0.043294944 -0.988774776 0.017830173 0.195980534 0.068125494 0.978075981
1403715374.962143 1.816165209 -0.077969141 -0.907427728 -0.003076759 0.100077473 0.028754402 0.994559348
1403715375.712143 1.856243849 -0.142430097 -0.737246692 0.012112274 0.128945306 0.048482347 0.990391791
1403715376.212143 1.846319437 -0.173405826 -0.608114839 0.024332516 0.132652864 0.050495446 0.989576340
1403715376.612143 1.826265574 -0.185040191 -0.520821750 0.032870658 0.131230086 0.036607306 0.990130365
1403715376.962143 1.791431069 -0.187423334 -0.466178536 0.046790235 0.122050427 0.028836474 0.991000950
1403715377.312143 1.727616072 -0.188807279 -0.432962567 0.031107591 0.111221656 0.025363619 0.992984772
1403715377.712143 1.631537080 -0.174001023 -0.419559538 0.033747002 0.102122106 0.027882993 0.993808210
1403715378.412143 1.425208807 -0.142583162 -0.435997844 0.021699173 0.088129036 0.056468256 0.994270444
1403715380.112143 1.055086255 -0.198428124 -0.393190265 0.019078417 0.105425142 0.016273126 0.994111001
1403715380.812143 0.824194193 -0.254268289 -0.316055626 0.023223227 0.102067754 0.030196169 0.994047821
1403715381.412143 0.619962990 -0.293626368 -0.267571747 0.031820115 0.104526475 0.044025041 0.993037522
1403715382.012143 0.424489468 -0.300350517 -0.247286141 -0.001207056 0.128305495 0.035340615 0.991104066
1403715384.962143 -0.028790981 -0.467133194 0.266533494 0.003709041 0.601257980 0.267400861 0.752975345
1403715385.962143 0.110779196 -0.508883953 0.274535000 0.026735563 0.640752077 0.267711341 0.719063699
1403715386.812143 0.191673413 -0.491096914 0.182088673 0.035530113 0.643694818 0.265672654 0.716807246
1403715387.562143 0.193076178 -0.380505025 0.003032774 0.005207387 0.636915088 0.264240623 0.724216104
1403715388.762143 0.308131605 -0.169417530 -0.386088073 0.005724056 0.625309706 0.250665069 0.739000678
1403715389.812143 0.459763765 -0.048204467 -0.708277166 0.007790630 0.604835212 0.237020746 0.760220289
1403715390.762143 0.632307410 0.053457491 -0.878329158 -0.016954910 0.457876921 0.170218825 0.872402906
1403715392.362143 1.216913700 0.017581806 -0.879108846 0.000927488 0.325533450 0.136870474 0.935571253
1403715393.412143 1.620971799 -0.051253758 -0.844764233 0.020199750 0.098753631 0.009441863 0.994862080
1403715394.262143 1.719296336 -0.054467954 -0.811578035 0.022532878 -0.160116985 -0.065107703 0.984690726
1403715395.112143 1.717559934 -0.032814056 -0.839166164 0.027796920 -0.430342853 -0.175066769 0.885089815
1403715395.812143 1.667181492 0.021613181 -0.892664313 0.023426997 -0.581955433 -0.237480104 0.777420282
1403715396.262143 1.604580641 0.061386287 -0.915820718 0.008638348 -0.611937463 -0.217392176 0.760393798
1403715396.762143 1.534371138 0.090713799 -0.915575266 0.036107861 -0.617010653 -0.241091669 0.748243868
1403715397.112143 1.487421513 0.122929871 -0.920143604 0.010327606 -0.630043626 -0.260004193 0.731666803
1403715397.462143 1.417716742 0.151762724 -0.917459369 -0.016858144 -0.641958892 -0.243294731 0.726919711
1403715397.762143 1.333789706 0.160030365 -0.894792080 -0.002818705 -0.646303296 -0.233262181 0.726548612
1403715398.112143 1.228564620 0.143056512 -0.846609235 0.037107792 -0.645787537 -0.224256650 0.728896737
1403715398.462143 1.148653150 0.137240946 -0.791964650 0.041734047 -0.636492789 -0.229289964 0.735228717
1403715398.812143 1.097016931 0.135746717 -0.748120844 0.069316007 -0.625195384 -0.233624086 0.741448462
1403715400.112143 1.150532961 0.198171139 -0.878172159 0.021704840 -0.602326751 -0.261607260 0.753852129
1403715400.412143 1.139903665 0.213135153 -0.948496819 0.033669010 -0.556316137 -0.256621510 0.789635479
1403715400.762143 1.095828652 0.245059788 -1.049500465 0.010371018 -0.484729797 -0.211441591 0.848658919
1403715401.212143 0.999874473 0.292953789 -1.169147611 -0.015122185 -0.408506036 -0.166186690 0.897371769
1403715401.712143 0.839337885 0.300580889 -1.250206828 0.008569110 -0.400304079 -0.143745482 0.904997468
1403715402.312143 0.648429275 0.282105714 -1.279191136 0.049395949 -0.376391172 -0.133816928 0.915413976
1403715402.712143 0.549055934 0.286492676 -1.302374840 0.063966550 -0.321108937 -0.142405942 0.934086680
1403715403.162143 0.441700965 0.308400273 -1.368166447 -0.001302535 -0.315231383 -0.104594283 0.943232477
1403715403.562143 0.352922738 0.304092675 -1.396346927 0.000673062 -0.293952584 -0.109795161 0.949492753
1403715404.012143 0.247322276 0.277638674 -1.362715602 -0.013886997 -0.208509326 -0.067347631 0.975599945
1403715404.512143 0.127205998 0.224242002 -1.271729350 0.018812800 -0.115262665 -0.066865005 0.990903497
1403715405.162143 -0.079949796 0.188511938 -1.148784518 0.030011399 -0.068965919 -0.000669185 0.997167289
1403715405.762143 -0.192875683 0.172117144 -1.056761265 0.001104570 0.115476303 0.057108983 0.991666615
1403715406.412143 -0.268975198 0.160046101 -0.923555493 0.007247393 0.297138035 0.133076325 0.945487797
1403715407.262143 -0.275355995 0.177263483 -0.755783439 -0.010408231 0.478680909 0.215952978 0.850952804
1403715407.912143 -0.163812280 0.145654649 -0.636596322 -0.012250442 0.508401573 0.194054976 0.838880539
1403715408.512143 -0.030826256 0.036524672 -0.537559509 0.014030319 0.493290037 0.192175448 0.848255098
1403715409.212143 0.060265809 -0.014911785 -0.398797631 0.037903856 0.349828631 0.133586854 0.926465213
1403715410.062143 0.097082093 -0.103870578 -0.375495553 -0.014591758 0.331693769 0.142095760 0.932510138
1403715411.512143 0.143410608 -0.154116616 -0.225561634 0.038557399 0.313832074 0.133275121 0.939287245
1403715413.012143 0.092113279 -0.111155190 -0.235774443 0.006361311 0.310927838 0.126754060 0.941921890
1403715413.762143 0.076041199 -0.036718678 -0.214054316 0.019493941 0.313589543 0.126394168 0.940907061
1403715414.462143 0.054719448 -0.005829729 -0.222772211 -0.013811531 0.315234840 0.127178758 0.940352023
1403715415.062143 0.044105332 0.008000978 -0.178752214 0.024721891 0.310677141 0.156796440 0.937167764
1403715415.612143 0.052935038 0.045264170 -0.159257740 0.014601355 0.342120528 0.120749235 0.931751013
1403715416.612143 0.052583475 0.053843349 -0.156257138 0.011114032 0.344591826 0.120546900 0.930914283
1403715417.312143 0.052690059 0.054889109 -0.156711563 0.011851019 0.344034314 0.121279553 0.931016266
1403715418.512143 0.051092941 0.055696920 -0.157567933 0.011619078 0.344403565 0.120747998 0.930951774
