1403715273.262143 0.000000000 0.000000000 0.000000000 -0.000000000 -0.000000000 -0.000000000 1.000000000
1403715278.762143 -0.001802404 -0.027685627 0.009445920 0.025804579 0.002984684 0.008985518 0.999622226
1403715278.862143 -0.003559630 -0.045775458 0.011246797 0.032672115 0.001590765 0.011451961 0.999399304
1403715278.912143 -0.005160314 -0.055556104 0.011640508 0.033459309 0.001793433 0.011680259 0.999370217
1403715279.512143 -0.011427593 -0.080022238 0.035642624 0.028162304 0.000976583 0.009800570 0.999554873
1403715281.912143 -0.040864930 -0.248454034 0.169411689 0.005439667 0.275440693 0.110505342 0.954930067
1403715282.112143 -0.040612776 -0.251124650 0.198031157 0.003235842 0.328367561 0.131555036 0.935338259
1403715282.212143 -0.039960265 -0.251957208 0.213533521 0.002546040 0.352611035 0.140716359 0.925125897
1403715282.862143 -0.032292917 -0.259119958 0.330215514 0.004765142 0.492699653 0.195143193 0.848023295
1403715284.462143 -0.008183956 -0.257430166 0.566487193 0.008403603 0.625955462 0.270643681 0.731342018
1403715284.612143 0.002584934 -0.256213129 0.575881243 0.003837388 0.626849294 0.256552488 0.735680699
1403715285.062143 0.041036189 -0.254886210 0.597761095 0.021816211 0.652867556 0.250066608 0.714671075
1403715285.662143 0.058797240 -0.311858982 0.581988335 0.012805145 0.692622483 0.304377437 0.653807819
1403715285.862143 0.067123473 -0.340800196 0.556686223 0.009062949 0.697698176 0.300461113 0.650275528
1403715286.062143 0.078580737 -0.360878348 0.527268231 -0.007819895 0.702925920 0.288650662 0.650011420
1403715286.262143 0.095032394 -0.378033102 0.500371337 -0.006496538 0.701871693 0.294246882 0.648654521
1403715286.612143 0.136499226 -0.396981984 0.456301779 -0.008687528 0.707361042 0.285422564 0.646605611
1403715286.762143 0.157968640 -0.401789427 0.437795669 -0.000087067 0.719842672 0.280484915 0.634944677
1403715287.062143 0.201453924 -0.407375425 0.410983056 -0.014623513 0.735599160 0.294056892 0.610090613
1403715288.162143 0.356937706 -0.459632933 0.325969219 0.010147622 0.819993496 0.315504164 0.477456599
1403715288.812143 0.380052805 -0.445361465 0.276424259 0.004004545 0.834360898 0.324889779 0.445278108
1403715289.262143 0.374555945 -0.400411129 0.253851324 -0.016413303 0.849008501 0.329207838 0.412961662
1403715289.562143 0.376465917 -0.348112822 0.252668172 -0.021719990 0.865245223 0.340643704 0.367206722
1403715289.712143 0.381558657 -0.318745404 0.254621416 -0.022077410 0.870529234 0.349956989 0.345284790
1403715289.912143 0.394910336 -0.287855834 0.255785882 -0.018896213 0.873671174 0.351386368 0.335960329
1403715290.162143 0.420202553 -0.277990401 0.244830742 -0.018547248 0.870826125 0.347913146 0.346805871
1403715291.462143 0.647205412 -0.257284313 0.125900626 0.025872229 0.875789940 0.356460869 0.324435323
1403715291.662143 0.664098144 -0.236259133 0.099914432 0.021856584 0.878568530 0.366746753 0.305182785
1403715291.862143 0.674664915 -0.208929405 0.066205055 0.005621086 0.883544922 0.366040051 0.292115510
1403715292.012143 0.682884395 -0.188946545 0.039546639 -0.010951052 0.886109531 0.363969982 0.286733031
1403715292.212143 0.695846915 -0.159537852 0.002307057 -0.015635049 0.883096218 0.363151878 0.296677142
1403715292.412143 0.714589238 -0.127422452 -0.033913374 -0.020772845 0.871486306 0.358000934 0.334537566
1403715295.112143 0.950989485 -0.038880944 -0.362329721 0.008398026 0.493673861 0.187594563 0.849131227
1403715295.462143 0.946607947 -0.018047683 -0.384913921 0.017604979 0.422738791 0.165279984 0.890878499
1403715295.762143 0.936925471 -0.004334275 -0.405619353 0.016707955 0.375362247 0.136402339 0.916634321
1403715296.312143 0.904485703 0.086417750 -0.433306903 0.010042107 0.299023807 0.141566917 0.943632722
1403715296.612143 0.906492054 0.118703507 -0.465235531 -0.005007865 0.263547629 0.131187052 0.955671251
1403715296.912143 0.933691740 0.129931241 -0.497533739 0.009786865 0.253661901 0.099897370 0.962070882
1403715297.262143 0.965092003 0.146278709 -0.523926079 -0.009676227 0.181166843 0.095757261 0.978731573
1403715300.962143 1.124223948 0.026542656 -0.299448669 0.054882485 -0.328732729 -0.114410475 0.935859501
1403715301.262143 1.147440195 0.023321286 -0.289815247 0.073009469 -0.314706951 -0.127142072 0.937797487
1403715301.812143 1.195747733 0.073215112 -0.341064572 0.035579182 -0.313462943 -0.119277485 0.941407502
1403715302.412143 1.241390228 0.138437301 -0.438522935 0.029721979 -0.287798256 -0.136551797 0.947439909
1403715303.062143 1.223546505 0.194171935 -0.557327569 -0.007472909 -0.300532907 -0.115394980 0.946735561
1403715303.662143 1.159234643 0.225341231 -0.604038715 0.031481717 -0.443747044 -0.178213328 0.877688766
1403715304.062143 1.107355237 0.242273778 -0.638402224 0.035955098 -0.530086517 -0.184036493 0.826949894
1403715304.362143 1.085274339 0.257654041 -0.657509863 0.028982894 -0.541597724 -0.185275704 0.819454014
1403715305.062143 1.076978922 0.317803830 -0.673108816 0.031071570 -0.516961515 -0.195374221 0.832835078
1403715305.262143 1.079196811 0.313148558 -0.689983904 0.025010377 -0.517515421 -0.195214659 0.832732558
1403715305.562143 1.082744956 0.305005908 -0.712861419 0.024217770 -0.525122225 -0.197978079 0.827323914
1403715305.712143 1.084274411 0.283538163 -0.729954720 0.022229631 -0.532333612 -0.197987303 0.822756231
1403715306.862143 1.131278634 0.104086012 -0.750456333 0.063736916 -0.449584663 -0.132762611 0.881013870
1403715308.112143 1.372201324 0.206057087 -0.736829996 0.007375902 -0.129672468 -0.067691937 0.989216089
1403715308.512143 1.388605118 0.252677381 -0.720866323 0.007733780 -0.064759322 -0.037528902 0.997164965
1403715309.162143 1.388447523 0.222080395 -0.679081619 0.009746793 -0.079542831 -0.007085201 0.996758640
1403715310.112143 1.475081444 0.155933052 -0.591317892 0.035464056 -0.120384641 -0.008012011 0.992061317
1403715310.512143 1.556963682 0.143962011 -0.574433863 0.050597157 -0.056828123 -0.019405236 0.996912181
1403715310.962143 1.641533613 0.143539816 -0.590996742 0.017936887 -0.017289901 -0.008978268 0.999649346
1403715311.312143 1.698581457 0.140666544 -0.595151961 0.006566735 -0.016205607 0.017003311 0.999702573
1403715311.662143 1.766426682 0.130699530 -0.580349624 0.005352703 -0.003861363 0.001551245 0.999977052
1403715312.812143 1.987963080 0.054064114 -0.424050629 0.035997760 0.019508572 -0.002321675 0.999158740
1403715313.112143 2.028567314 0.030326761 -0.391315997 0.052365251 0.009237763 -0.020004429 0.998384893
1403715313.362143 2.046323538 0.001779224 -0.391824871 0.040029846 -0.004557975 -0.014300927 0.999085724
1403715313.612143 2.057133675 -0.018591259 -0.400428623 0.027070696 0.003658015 -0.012150076 0.999553025
1403715314.312143 2.052875280 -0.059341151 -0.438624084 0.015151975 0.074706696 0.007093507 0.997065187
1403715317.262143 1.742568731 -0.017387718 -0.316020668 0.004534172 0.466058284 0.176004052 0.867059231
1403715317.562143 1.718931675 -0.013139009 -0.269586861 0.003488446 0.534260631 0.211083665 0.818533540
1403715317.962143 1.690841556 -0.011208117 -0.214686275 0.018949632 0.606311738 0.261747479 0.750676513
1403715318.312143 1.673190832 -0.001108527 -0.196297288 0.018617215 0.642396510 0.279377222 0.713392258
1403715318.712143 1.663309813 0.029231429 -0.208119392 -0.025856292 0.678389311 0.288471639 0.675206363
1403715319.012143 1.683663607 0.055541456 -0.220679998 -0.032930035 0.711120903 0.302117795 0.633993328
1403715319.312143 1.736457705 0.076489687 -0.231940508 -0.030027671 0.754437804 0.292232990 0.586959839
1403715319.612143 1.807341218 0.085281193 -0.235811472 -0.022981010 0.789511800 0.301118553 0.534294605
1403715319.912143 1.886332750 0.064647436 -0.235029697 -0.020425392 0.800806284 0.308265001 0.513093352
1403715320.162143 1.962902665 0.027098119 -0.233209848 -0.022032009 0.814155877 0.310014278 0.490465075
1403715320.662143 2.109042645 -0.041348875 -0.206346273 0.017017581 0.875404596 0.332422048 0.350532204
1403715320.912143 2.156840563 -0.073315322 -0.187762737 0.046118889 0.886646807 0.353950739 0.294022679
1403715321.162143 2.175737381 -0.093558371 -0.173050165 0.034840457 0.890347838 0.363410860 0.272028327
1403715321.712143 2.145381927 -0.113561630 -0.188329220 0.022238571 0.891438663 0.359639734 0.274775863
1403715321.962143 2.098732710 -0.115400612 -0.216128230 0.040403605 0.901272714 0.344116747 0.260112882
1403715322.262143 2.008712053 -0.113507211 -0.255509257 0.005610016 0.903273821 0.359641105 0.233929873
1403715322.512143 1.924306154 -0.098113656 -0.291394472 -0.022847684 0.907537520 0.370900452 0.195669442
1403715322.912143 1.814444304 -0.032868266 -0.350526452 -0.033318456 0.910397351 0.376574248 0.168102413
1403715323.162143 1.771552920 -0.013029218 -0.410074949 -0.038320627 0.911850035 0.372594565 0.168031022
1403715323.412143 1.748109102 0.020415485 -0.472085118 -0.041518558 0.912736535 0.369094640 0.170168638
1403715323.612143 1.746289730 0.040356874 -0.530510068 -0.039171629 0.914669573 0.364779323 0.169650346
1403715323.862143 1.761725783 0.049498975 -0.608537197 -0.025101503 0.933771670 0.315129578 0.167731106
1403715324.112143 1.782023549 0.049517155 -0.658336759 -0.011620235 0.942745924 0.286843002 0.169753417
1403715325.212143 1.782829404 -0.020332813 -0.655515313 -0.011624833 0.926396489 0.331514448 0.178192481
1403715326.462143 1.653029561 -0.027533650 -0.608136177 -0.014743740 0.925619483 0.337076008 0.171437919
1403715326.712143 1.616795540 -0.018468022 -0.601041079 -0.013903334 0.931230009 0.323767781 0.166708678
1403715327.012143 1.571631908 -0.013833225 -0.572091222 -0.000316995 0.921722889 0.353242278 0.160145923
1403715327.312143 1.518573761 -0.014663279 -0.544337749 0.012806280 0.916008115 0.369804382 0.154951274
1403715327.612143 1.448309898 -0.011642694 -0.534279823 0.008274297 0.913284183 0.373778939 0.161656678
1403715327.912143 1.369468570 0.002611458 -0.536541104 -0.007388520 0.905597746 0.367034793 0.212423116
1403715328.262143 1.282258272 0.022609890 -0.554163337 -0.016693579 0.906224608 0.336986035 0.254791647
1403715329.012143 1.145925760 0.027813554 -0.537230849 -0.016563185 0.885026217 0.344274729 0.312936395
1403715329.362143 1.116833925 0.026087284 -0.504987478 -0.007902584 0.842664063 0.336571932 0.420207292
1403715330.062143 1.089445114 0.058155775 -0.458236456 0.000224948 0.827660978 0.328769654 0.454849124
1403715330.512143 1.084872127 0.094593883 -0.435639262 -0.007331016 0.822607279 0.330798090 0.462424248
1403715331.012143 1.088644505 0.057745934 -0.451543689 0.027414845 0.802533090 0.328107506 0.497528404
1403715331.462143 1.063150644 0.012423754 -0.497869730 0.003148286 0.759113789 0.305895597 0.574599147
1403715332.012143 1.032136559 -0.039715111 -0.586330056 -0.002210365 0.758377135 0.300940812 0.578181565
1403715332.512143 1.020230055 -0.023598552 -0.646774471 0.012360589 0.749486804 0.326268226 0.575904369
1403715333.012143 1.038985014 0.005925775 -0.756614566 0.020598248 0.746178091 0.284966648 0.601321876
1403715333.662143 1.019660354 0.070030928 -0.898927510 0.019863984 0.735594451 0.270850331 0.620601535
1403715334.712143 0.940730214 0.164777458 -1.112992287 0.000152738 0.689110518 0.281311691 0.667825222
1403715335.262143 0.949058890 0.219672680 -1.233571529 -0.006139370 0.688630521 0.275706351 0.670623779
1403715335.762143 0.979315758 0.262426496 -1.321581364 0.000812962 0.658598900 0.269223034 0.702684700
1403715336.212143 1.021486998 0.301105022 -1.394573331 0.014426298 0.640855551 0.245096907 0.727340043
1403715336.662143 1.061389804 0.337887734 -1.463648677 0.003127797 0.632630408 0.250824273 0.732704699
1403715337.162143 1.111941576 0.355912507 -1.532829523 -0.001990852 0.628358662 0.245513037 0.738163114
1403715337.612143 1.167768717 0.353823096 -1.578099847 0.010935532 0.583097458 0.252158970 0.772200525
1403715338.162143 1.265523553 0.365561962 -1.644877911 0.013024674 0.589353025 0.238456562 0.771771908
1403715338.712143 1.362858057 0.376825601 -1.712759852 0.018155858 0.540791810 0.222300649 0.811046839
1403715339.212143 1.452939868 0.399576843 -1.788710952 -0.001363388 0.501217842 0.198032871 0.842354894
1403715339.612143 1.531526566 0.428085178 -1.831462502 0.008919763 0.501296759 0.201689422 0.841393769
1403715340.012143 1.605518937 0.466619432 -1.854912639 -0.014556271 0.517522693 0.166924775 0.839103401
1403715340.312143 1.639865160 0.462979257 -1.841643572 -0.004059066 0.467070013 0.159190536 0.869762897
1403715340.662143 1.665604115 0.425152808 -1.811533093 0.003239859 0.384281665 0.157739431 0.909634769
1403715341.062143 1.709385395 0.388054758 -1.767747164 0.005603071 0.366311044 0.173730075 0.914113104
1403715341.462143 1.782406449 0.355386198 -1.730332136 0.021535879 0.398912191 0.154108018 0.903690219
1403715341.862143 1.844664812 0.329056025 -1.700616956 0.010263220 0.423156083 0.126528800 0.897119880
1403715342.262143 1.868589163 0.300780177 -1.656760693 0.002944811 0.397871614 0.168918326 0.901751697
1403715342.662143 1.897662878 0.280624807 -1.603924155 -0.008171744 0.357420206 0.130560607 0.924736679
1403715343.112143 1.935594082 0.245033100 -1.518364668 0.011888416 0.306386292 0.117108792 0.944601297
1403715343.562143 1.973764896 0.220257193 -1.418730378 -0.000274439 0.300835818 0.116844423 0.946490943
1403715344.012143 2.015137672 0.185405135 -1.303035617 0.011428745 0.307239175 0.106141552 0.945625484
1403715344.462143 2.023702145 0.140064269 -1.182175994 0.031431071 0.262371123 0.060314730 0.962567210
1403715344.962143 1.951938033 0.106091321 -1.052610278 0.012919863 0.239210814 0.051407769 0.969519734
1403715345.612143 1.758529782 0.061927933 -0.897644937 0.027053621 0.225974530 0.079493657 0.970507324
1403715346.962143 1.346198082 -0.030215731 -0.639994085 0.021731308 0.243751392 0.115442708 0.962697268
1403715348.212143 1.076267481 -0.143200442 -0.500874221 0.028137445 0.071894169 0.063624367 0.994983137
1403715349.262143 1.045185328 -0.074662790 -0.375132948 0.035333164 -0.046993922 0.008398048 0.998234808
1403715350.362143 1.227378845 0.034538377 -0.324011385 0.000254217 -0.139798075 -0.066374496 0.987952888
1403715350.862143 1.269088984 0.063248083 -0.280618548 -0.002014356 -0.132522851 -0.071254060 0.988613427
1403715351.362143 1.225536704 0.050629247 -0.207656041 0.012867340 -0.136907831 -0.071649984 0.987905383
1403715352.312143 0.994517863 -0.024680607 -0.121793836 0.018332517 -0.225326136 -0.070279941 0.971572340
1403715353.662143 0.795933902 -0.123852417 -0.033120394 0.033582978 -0.251007438 -0.092576489 0.962962687
1403715354.112143 0.757685423 -0.092911378 -0.014589828 0.028015492 -0.263262600 -0.090953849 0.960018456
1403715354.562143 0.733968794 -0.063023187 0.005735092 0.016153991 -0.265628934 -0.098874331 0.958855689
1403715355.212143 0.707434535 -0.127049863 0.024379283 0.019126981 -0.279293507 -0.095798075 0.955223560
1403715355.662143 0.695643485 -0.182705671 0.041238241 0.025278065 -0.364159107 -0.134123296 0.921281755
1403715356.062143 0.689051270 -0.224805072 0.063586980 0.026137125 -0.391714901 -0.163556650 0.905055583
1403715356.512143 0.656703234 -0.255549312 0.083636366 0.015136318 -0.367462724 -0.163295686 0.915465236
1403715356.862143 0.601374388 -0.265964925 0.096124522 0.007283942 -0.395081460 -0.150789142 0.906156838
1403715357.162143 0.549874604 -0.284694552 0.114893273 0.013451449 -0.460429728 -0.167916402 0.871566176
1403715357.512143 0.490178943 -0.327160299 0.145241797 0.028827362 -0.493636936 -0.197925240 0.846355200
1403715357.912143 0.411199629 -0.358963251 0.175781086 0.044408940 -0.491322100 -0.220228106 0.841504633
1403715358.212143 0.336472273 -0.364911199 0.185959101 0.030680839 -0.491257429 -0.217992306 0.842736125
1403715358.512143 0.243742853 -0.359709859 0.183218434 0.033048932 -0.500031829 -0.223094687 0.836124897
1403715359.112143 0.034584954 -0.339816928 0.145181358 0.037069041 -0.559816718 -0.201720372 0.802832544
1403715359.362143 -0.031542055 -0.321949273 0.133883759 0.045276649 -0.561530650 -0.205252647 0.800315380
1403715359.612143 -0.085304976 -0.307240516 0.114950165 0.056424741 -0.553451419 -0.214823693 0.802719474
1403715359.912143 -0.134257227 -0.292699873 0.074257210 0.042265803 -0.554178834 -0.207424119 0.805030823
1403715360.162143 -0.168926865 -0.283335865 0.028075501 0.030435339 -0.552567780 -0.210528687 0.805866122
1403715360.362143 -0.190262184 -0.274898469 -0.003022298 0.025565611 -0.550364733 -0.204787120 0.809016347
1403715360.612143 -0.214221060 -0.268729836 -0.034499064 0.009027796 -0.528820455 -0.170127526 0.831458986
1403715360.862143 -0.228161380 -0.269660085 -0.045306936 0.021668028 -0.471883297 -0.164721280 0.865865767
1403715361.162143 -0.237279341 -0.282642901 -0.050536983 0.026339611 -0.391846985 -0.149511263 0.907418668
1403715361.462143 -0.252534360 -0.293726623 -0.054139521 0.025424393 -0.311503559 -0.127729237 0.941278100
1403715361.762143 -0.269203156 -0.289922535 -0.058429256 0.021447426 -0.263272583 -0.113262989 0.957809508
1403715362.062143 -0.306447595 -0.285025418 -0.057588436 0.010862008 -0.207986042 -0.089114793 0.974003255
1403715362.312143 -0.339562714 -0.278083116 -0.045696747 0.012593374 -0.141899273 -0.068265408 0.987444103
1403715362.612143 -0.396497577 -0.269941956 -0.025828015 0.011737511 -0.051756952 -0.034898732 0.997980773
1403715362.912143 -0.472325623 -0.273589104 -0.001094899 0.015942721 0.017954977 0.035040792 0.999097407
1403715363.312143 -0.536578238 -0.290160954 0.022496888 0.025322158 0.090366349 0.100611687 0.990489781
1403715363.862143 -0.508137465 -0.314936042 0.022838533 0.024288697 0.220780790 0.107878812 0.969034612
1403715364.412143 -0.445544392 -0.330472857 -0.006686896 0.024874976 0.332955062 0.154146895 0.929925263
1403715364.962143 -0.374709487 -0.344399899 -0.077623710 0.010460858 0.369701922 0.143087327 0.918007195
1403715365.662143 -0.302163839 -0.362169921 -0.160138041 0.021512644 0.462668478 0.179873690 0.867825150
1403715366.462143 -0.275356203 -0.338896155 -0.283813626 0.026255080 0.539026678 0.229339540 0.810039699
1403715367.362143 -0.226449355 -0.269127727 -0.484127164 -0.004285272 0.516146421 0.230105937 0.825000525
1403715368.212143 -0.032492906 -0.225970775 -0.654376686 0.016002057 0.514575601 0.213081211 0.830392838
1403715369.162143 0.208379000 -0.114650488 -0.879709542 0.004173096 0.502542615 0.205852523 0.839677393
1403715370.062143 0.425138682 -0.027255699 -1.066342950 -0.019080756 0.358751833 0.133076534 0.923701108
1403715371.112143 0.687312663 0.017467368 -1.124775648 -0.014334282 0.366931796 0.155696645 0.917013764
1403715372.112143 1.022882819 0.034082707 -1.074254036 0.008067562 0.361431539 0.152050301 0.919881999
1403715373.112143 1.393154025 -0.010188453 -1.034620643 0.020314999 0.303109556 0.132082447 0.943539202
1403715374.062143 1.684447050 -0.034057382 -0.994801462 0.018355925 0.222428471 0.077343158 0.971702993
1403715374.962143 1.822795868 -0.075801805 -0.907503963 -0.002486513 0.099414267 0.028673859 0.994629800
1403715375.762143 1.864590883 -0.141956493 -0.724305153 0.014613026 0.128936738 0.049158953 0.990325809
1403715376.262143 1.852136612 -0.175095484 -0.596379161 0.026168691 0.129559308 0.053665683 0.989772499
1403715376.812143 1.816842437 -0.183417782 -0.489119828 0.029560210 0.124626309 0.032571398 0.991228342
1403715377.212143 1.751776695 -0.185532346 -0.439652026 0.037615016 0.114226915 0.024521966 0.992439449
1403715377.612143 1.658607244 -0.177346528 -0.419823676 0.038496017 0.103509873 0.027226824 0.993510187
1403715379.712143 1.165836811 -0.155739754 -0.439615667 -0.002254539 0.103232086 0.017511010 0.994500637
1403715380.462143 0.949939787 -0.227103680 -0.350778937 0.021094583 0.099138804 0.035196498 0.994227231
1403715381.112143 0.725278139 -0.276102901 -0.288956195 0.026510736 0.101936705 0.028750448 0.994021893
1403715381.712143 0.521024406 -0.295846909 -0.255114883 0.028906727 0.115082622 0.037233088 0.992236912
1403715382.412143 0.291742146 -0.312452793 -0.215013564 0.000146689 0.199501216 0.075753555 0.976965010
1403715384.062143 -0.034584351 -0.421194762 0.136019111 0.012325119 0.419877887 0.181196377 0.889223576
1403715384.862143 -0.034540653 -0.460670829 0.257014543 0.002516664 0.585687697 0.263025552 0.766668797
1403715385.862143 0.095675975 -0.502809525 0.278963685 0.025531236 0.636509478 0.278323561 0.718846262
1403715386.912143 0.194445774 -0.478574753 0.164396629 0.037634179 0.636421382 0.279367566 0.717987061
1403715387.762143 0.198826283 -0.355963886 -0.066507936 -0.002470872 0.628077745 0.272379011 0.728918314
1403715388.762143 0.312274069 -0.166575640 -0.386540204 0.006164045 0.624264002 0.251303673 0.739664078
1403715389.812143 0.466369569 -0.041124366 -0.709471822 0.009321536 0.603408873 0.237921640 0.761054695
1403715390.812143 0.649138629 0.063456617 -0.880576611 -0.013873776 0.447646856 0.171530560 0.877494752
1403715391.762143 0.950337470 0.093492046 -0.873316228 0.009512059 0.369420409 0.176264420 0.912342548
1403715392.712143 1.386040449 -0.014093336 -0.869211078 0.036184341 0.265547752 0.096055299 0.958618045
1403715393.612143 1.667687535 -0.048553821 -0.832077086 0.031360049 0.042996328 -0.022070868 0.998338997
1403715394.512143 1.731516123 -0.049292631 -0.806542635 0.040299907 -0.235860795 -0.100467987 0.965739012
1403715395.462143 1.707427979 -0.008248568 -0.865821362 0.024767894 -0.523422539 -0.214195371 0.824339569
1403715396.162143 1.628740549 0.059256852 -0.912092209 0.007140908 -0.612909019 -0.220434234 0.758749187
1403715396.962143 1.516706705 0.110973477 -0.917817950 0.024024377 -0.628357589 -0.250926793 0.735952020
1403715397.312143 1.459867239 0.145506084 -0.920983315 -0.008195933 -0.638450086 -0.251976073 0.727201819
1403715397.662143 1.372041106 0.164720356 -0.904214621 -0.012028828 -0.645627022 -0.238183230 0.725458324
1403715397.962143 1.280167580 0.155138105 -0.868326068 0.017989863 -0.646968305 -0.230692506 0.726559937
1403715398.712143 1.114647746 0.140258014 -0.758150458 0.058210872 -0.629618227 -0.231960952 0.739179611
1403715399.012143 1.089113474 0.141186267 -0.738078237 0.078345262 -0.623574674 -0.236810789 0.740903020
1403715399.812143 1.143387079 0.184717894 -0.817745328 0.021084951 -0.618941247 -0.261119664 0.740461826
1403715400.112143 1.157830954 0.201235920 -0.878198624 0.022090957 -0.603172243 -0.262665510 0.752796173
1403715400.412143 1.147037745 0.218033135 -0.948697507 0.034688406 -0.557110608 -0.257298708 0.788810492
1403715400.762143 1.103128910 0.249586761 -1.050676346 0.011105725 -0.485377938 -0.212231413 0.848081827
1403715401.162143 1.020566583 0.293657422 -1.158220410 -0.014687478 -0.415536970 -0.165024117 0.894360363
1403715401.612143 0.881970286 0.308653742 -1.238949656 0.003082651 -0.399255365 -0.158014208 0.903115273
1403715402.162143 0.697701454 0.291815519 -1.278561711 0.038196322 -0.383406758 -0.136183634 0.912685275
1403715402.562143 0.592874944 0.289485991 -1.293015718 0.056658022 -0.337468714 -0.146205962 0.928185642
1403715402.962143 0.493389577 0.304973125 -1.342247128 0.033276916 -0.318567306 -0.114532411 0.940366864
1403715403.412143 0.391541004 0.316202044 -1.393767238 -0.004472006 -0.309123546 -0.114695489 0.944069684
1403715403.862143 0.286926270 0.298206300 -1.383855343 -0.011651671 -0.241208673 -0.083861768 0.966772914
1403715404.562143 0.114955574 0.228815168 -1.267460346 0.022257917 -0.112359419 -0.067450993 0.991125822
1403715405.212143 -0.082629256 0.192858115 -1.150003791 0.028690839 -0.058769848 0.006411366 0.997838616
1403715405.712143 -0.178923726 0.182877511 -1.071330667 0.005455836 0.098195948 0.054273371 0.993671119
1403715406.362143 -0.252984494 0.170307040 -0.947451174 0.010726313 0.282390773 0.125109851 0.951045752
1403715407.162143 -0.268812209 0.185598761 -0.794338584 0.000216842 0.461418897 0.205668688 0.863013864
1403715407.762143 -0.189087898 0.170212656 -0.692788541 -0.014183416 0.502765000 0.201368377 0.840521872
1403715408.412143 -0.050377935 0.054677095 -0.564451635 0.005827602 0.496065736 0.198644638 0.845236719
1403715409.212143 0.063668072 -0.008428024 -0.399873197 0.039413992 0.348736733 0.133365855 0.926845610
1403715410.062143 0.102134429 -0.099679351 -0.378286809 -0.013355052 0.329990774 0.142493144 0.933072031
1403715413.462143 0.084781840 -0.059843797 -0.219885811 0.022479929 0.307476550 0.135532945 0.941585720
1403715414.262143 0.066827163 0.008618965 -0.218722984 -0.000578090 0.313095957 0.126878694 0.941207945
1403715414.862143 0.049141787 -0.004057452 -0.191956088 0.014481235 0.313877404 0.137377992 0.939360738
1403715415.512143 0.060210932 0.078568488 -0.158822641 0.027788481 0.333643049 0.126942366 0.933700025
1403715415.912143 0.059582092 0.051646352 -0.159356371 0.016324183 0.343976527 0.118244544 0.931360304
1403715416.412143 0.060271263 0.055011053 -0.158491075 0.011899128 0.342610627 0.120698340 0.931615949
1403715417.962143 0.059901942 0.056232795 -0.158345059 0.012374019 0.342132509 0.121139407 0.931728244
1403715418.312143 0.060085714 0.056119554 -0.158163056 0.012108637 0.342431545 0.121038869 0.931634903
1403715418.662143 0.058598310 0.056262054 -0.158767372 0.012221308 0.342188716 0.121143922 0.931708992
