1403715277.862143 -0.308994859 -0.305539399 0.361206412 -0.529785335 -0.639624536 -0.354914397 0.429236293
1403715278.662143 -0.316349804 -0.284274280 0.379115105 -0.527454376 -0.627787948 -0.366364062 0.439831465
1403715279.412143 -0.358784169 -0.189753875 0.483328313 -0.525376618 -0.621863484 -0.368419558 0.448923618
1403715280.162143 -0.360610366 -0.161172420 0.553092897 -0.533906341 -0.638270080 -0.355580896 0.425579220
1403715282.662143 -0.539595008 0.362714857 0.619760156 -0.766537130 -0.299710840 -0.530696213 0.202375561
1403715284.212143 -0.607631803 0.823532045 0.424490035 -0.820738852 -0.090366527 -0.557793617 0.084189586
1403715284.512143 -0.586888671 0.878564358 0.402616292 -0.818857372 -0.097248845 -0.558435440 0.090361178
1403715284.812143 -0.542303622 0.918250680 0.387952387 -0.811452389 -0.112725168 -0.567605913 0.081619360
1403715285.012143 -0.514767468 0.941211939 0.382527322 -0.806152523 -0.088070199 -0.580180466 0.075844899
1403715285.462143 -0.493804038 0.968157172 0.423483878 -0.823314846 -0.011337781 -0.565920830 0.041925825
1403715285.912143 -0.462146908 0.935720503 0.592177927 -0.825958014 -0.001437409 -0.563068509 0.027296729
1403715286.162143 -0.421631783 0.894236088 0.667053342 -0.827829301 -0.008955450 -0.560739279 0.013783195
1403715287.112143 -0.152535826 0.768905401 0.831892788 0.825821877 -0.029834477 0.562554419 0.025700886
1403715288.612143 0.186337963 0.652078152 0.978119791 0.790013313 -0.197088584 0.568430901 0.117989361
1403715288.962143 0.198325843 0.594143987 1.008633375 0.793386638 -0.192563832 0.562416196 0.130938083
1403715289.112143 0.199408799 0.566486895 0.981213927 0.792960942 -0.203523189 0.556702375 0.140973911
1403715289.862143 0.244468600 0.476169556 0.736918926 0.776886702 -0.281696558 0.528662384 0.193933696
1403715290.212143 0.321866125 0.450161994 0.724807799 0.780603647 -0.270162761 0.531930327 0.186333716
1403715290.862143 0.568276405 0.390940070 0.789338231 0.779405177 -0.265107244 0.541446090 0.170534089
1403715291.312143 0.758608699 0.330230415 0.791469812 0.760817826 -0.301196456 0.551784754 0.161154315
1403715291.662143 0.851382494 0.240046576 0.760715723 0.756078362 -0.329994708 0.536829472 0.176813662
1403715291.862143 0.888178587 0.164865851 0.740794897 0.756944954 -0.333393276 0.526689708 0.196166143
1403715292.312143 0.988093138 -0.033085924 0.681049347 0.771512270 -0.306210130 0.520323396 0.200668037
1403715292.462143 1.037533522 -0.098409906 0.662704349 0.784052610 -0.276214927 0.523929536 0.185646415
1403715292.612143 1.096565366 -0.161425397 0.648905039 0.789478719 -0.238293901 0.540695190 0.166096330
1403715295.562143 1.689729571 -0.756170630 0.758286238 -0.740342796 -0.343085557 -0.524959207 0.242079824
1403715295.862143 1.683716178 -0.807607055 0.712855756 -0.716905892 -0.378964305 -0.518673241 0.270943105
1403715296.312143 1.654265642 -0.915677547 0.584375679 -0.712429464 -0.415851384 -0.474763095 0.306776941
1403715296.662143 1.683512211 -1.006587386 0.549747169 -0.697425306 -0.451621294 -0.456373274 0.318370342
1403715298.762143 2.459030151 -0.865447760 0.488102645 -0.440610915 -0.683989406 -0.384449750 0.436140865
1403715300.762143 2.031793356 -0.492223829 0.595950663 -0.264627457 -0.758705616 -0.180509046 0.567234278
1403715301.162143 2.066740513 -0.432929516 0.601377070 -0.258767903 -0.755125463 -0.211171255 0.564119995
1403715301.662143 2.169813395 -0.504925132 0.569001436 -0.274561256 -0.763910174 -0.195873111 0.550173640
1403715303.612143 2.232565880 -1.149520397 0.460796118 -0.163333833 -0.805329800 -0.126114786 0.555752635
1403715303.962143 2.136126518 -1.229394317 0.452338338 -0.094332926 -0.805914819 -0.057107978 0.581671238
1403715304.112143 2.105772257 -1.261797190 0.446657926 -0.080700867 -0.805447459 -0.042158920 0.585631728
1403715304.612143 2.066455603 -1.334672451 0.395750254 -0.078233726 -0.810724974 -0.046576273 0.578303695
1403715305.062143 2.077742815 -1.385433197 0.331576198 -0.087258294 -0.812907696 -0.059731070 0.572712183
1403715305.312143 2.088223219 -1.417953968 0.356776595 -0.088329695 -0.816161036 -0.055784598 0.568301976
1403715307.812143 2.629510164 -1.326242685 0.691516101 -0.369735271 -0.742724121 -0.254700750 0.496773899
1403715308.262143 2.741865396 -1.356619954 0.576711118 -0.444995224 -0.700306654 -0.316682994 0.459632277
1403715308.512143 2.760421991 -1.355822802 0.517142117 -0.474046618 -0.679730773 -0.330762655 0.451488614
1403715309.012143 2.742941618 -1.293602467 0.520651340 -0.489381760 -0.670480967 -0.316528708 0.459097445
1403715310.412143 2.988463402 -0.954048514 0.611373901 -0.461543113 -0.653178513 -0.342116028 0.493246853
1403715310.962143 3.211455107 -0.948557615 0.635947764 -0.510017037 -0.644653141 -0.355825156 0.444627345
1403715311.212143 3.293847561 -0.944353342 0.639927447 -0.526667833 -0.636879027 -0.343635738 0.446005166
1403715311.712143 3.477401257 -0.864825249 0.658669770 -0.527267039 -0.638546884 -0.354428738 0.434312880
1403715312.112143 3.622321844 -0.737718821 0.680289209 -0.531751931 -0.631341696 -0.364508897 0.431022912
1403715313.162143 3.915776730 -0.353319019 0.728159964 -0.498800397 -0.627498567 -0.395493954 0.448361874
1403715313.362143 3.937405825 -0.333465874 0.769023836 -0.502950490 -0.633019984 -0.379300922 0.449952513
1403715313.762143 3.966692448 -0.338509828 0.840305507 -0.517813265 -0.631242037 -0.382950187 0.432148397
1403715313.962143 3.965808392 -0.350578666 0.878268182 -0.525842011 -0.624206483 -0.382397026 0.433161676
1403715314.362143 3.949375153 -0.384483874 0.923344791 -0.565532327 -0.595444024 -0.413247764 0.393504590
1403715317.212143 3.289270401 -0.359102309 0.756963551 -0.762803197 -0.300832331 -0.534223795 0.205514491
1403715317.412143 3.242831230 -0.314122528 0.722603559 -0.781690955 -0.253565818 -0.542582810 0.173975632
1403715317.612143 3.195293188 -0.267639458 0.694170773 -0.795918703 -0.203911632 -0.551032245 0.145934895
1403715317.812143 3.151010036 -0.222851574 0.669253528 -0.806768179 -0.151578873 -0.556755602 0.127169862
1403715318.212143 3.084543943 -0.174828365 0.624196410 -0.819154680 -0.073831104 -0.561070919 0.093455933
1403715319.012143 3.098720312 -0.261619359 0.528790832 0.840766013 0.000059999 0.541347504 0.007443580
1403715319.212143 3.165886402 -0.278155982 0.513090789 0.830712020 -0.026189022 0.554910839 0.036135551
1403715319.412143 3.251174927 -0.282238305 0.501239657 0.823895454 -0.057372048 0.559986174 0.065728031
1403715319.962143 3.526414156 -0.210966796 0.547962189 0.813458502 -0.120191276 0.560761213 0.096882381
1403715320.412143 3.777514935 -0.090795845 0.662861764 0.784280479 -0.194175899 0.571704865 0.142665446
1403715320.562143 3.850865602 -0.040538780 0.694421113 0.770954907 -0.243120432 0.566471279 0.160097986
1403715320.862143 3.960896254 0.062109258 0.750600517 0.739673674 -0.330980599 0.559685469 0.173455864
1403715321.062143 3.995182991 0.113014854 0.776451588 0.737295687 -0.353663772 0.546344638 0.181175858
1403715321.562143 3.970319510 0.129313409 0.821772158 0.741645932 -0.354484439 0.536474705 0.191041976
1403715321.762143 3.922750950 0.093847707 0.838374555 0.739455819 -0.347949654 0.541036427 0.198534012
1403715321.962143 3.852692842 0.040831443 0.858103335 0.722076952 -0.360050917 0.554857075 0.202735931
1403715322.112143 3.776922226 -0.006416824 0.870921791 0.724058270 -0.373484075 0.541102707 0.208464041
1403715322.312143 3.655207634 -0.082349613 0.890001178 0.733420789 -0.373963922 0.514905274 0.238992766
1403715322.512143 3.529714108 -0.167360455 0.884073615 0.731275260 -0.393018633 0.490762711 0.264433086
1403715322.712143 3.420554399 -0.256870955 0.840743244 0.727565467 -0.408829331 0.477441698 0.274875581
1403715322.912143 3.337263107 -0.359860688 0.803464293 0.725225329 -0.411041021 0.474722892 0.282367975
1403715324.012143 3.356126785 -0.984276891 0.868540347 0.676383376 -0.380505532 0.542601824 0.321410090
1403715324.162143 3.384329319 -1.013577223 0.890276253 0.677790344 -0.384693831 0.542868674 0.312897116
1403715324.612143 3.413406610 -0.980567813 0.946740091 0.703041077 -0.422278762 0.512491107 0.254493177
1403715325.062143 3.375806808 -0.963932216 1.004146576 0.704437971 -0.397587597 0.512851954 0.287531108
1403715325.212143 3.362857103 -0.952960610 1.011627316 0.700728893 -0.394157648 0.520097911 0.288300216
1403715326.062143 3.208368301 -0.860778451 1.010379434 0.711376488 -0.417852134 0.504734814 0.254137635
1403715326.312143 3.129800558 -0.884712100 0.993300080 0.711144209 -0.405658126 0.501368284 0.279902548
1403715326.762143 2.997237682 -0.901377380 0.950725079 0.692820013 -0.401604265 0.519091189 0.298762262
1403715327.162143 2.859091997 -0.849024892 0.907651305 0.697876394 -0.429440558 0.505027711 0.271102250
1403715327.562143 2.678195715 -0.837979198 0.878511071 0.701559961 -0.436149478 0.499661237 0.260626137
1403715327.812143 2.547687769 -0.873122096 0.861086369 0.721437037 -0.403198272 0.501081169 0.256666005
1403715328.012143 2.448574781 -0.915279150 0.843653798 0.737389565 -0.366743118 0.512319684 0.243484408
1403715328.312143 2.309979439 -0.986592293 0.827557623 0.736794829 -0.336175799 0.530431151 0.250523537
1403715328.512143 2.222187757 -1.015773058 0.820911646 0.732676446 -0.336605877 0.530728102 0.261169463
1403715328.912143 2.083598375 -1.006904721 0.802151322 0.756376982 -0.320260525 0.522961378 0.227680475
1403715329.562143 1.980299830 -0.933595002 0.745991588 0.802131057 -0.192621425 0.552320778 0.120101675
1403715330.012143 1.944802880 -0.906768680 0.681536615 0.799258888 -0.186503604 0.559476078 0.115707189
1403715330.512143 1.934547067 -0.892007530 0.586847126 0.804762721 -0.176619530 0.555552065 0.111912668
1403715331.012143 1.944988251 -0.891972899 0.660557747 0.799712479 -0.159456059 0.575022578 0.066203475
1403715331.912143 1.871429205 -1.072072506 0.935806334 0.816408515 -0.058277477 0.573142827 0.039853781
1403715333.712143 1.952733159 -1.802072883 0.992494226 0.807460904 -0.021905787 0.589508295 0.002671044
1403715333.962143 1.912631631 -1.915567875 0.969475806 0.822794914 -0.013030006 0.568147421 -0.006881557
1403715334.462143 1.879595995 -2.150393963 0.971446514 -0.825189292 -0.020070782 -0.563424826 0.034819778
1403715334.712143 1.890159845 -2.276273012 0.974488080 -0.823206842 -0.027310051 -0.566166103 0.032257013
1403715334.962143 1.912211657 -2.400102854 0.973156393 -0.822795451 -0.029355489 -0.566916108 0.027425170
1403715335.462143 1.987039804 -2.614922285 0.963845730 -0.822491646 -0.047308065 -0.565734684 0.034836829
1403715335.712143 2.041439533 -2.706322908 0.958907425 -0.821641684 -0.060938518 -0.564096570 0.054648932
1403715336.212143 2.173685312 -2.875045061 0.944191515 -0.806370258 -0.096408315 -0.578274906 0.077914171
1403715336.462143 2.234334230 -2.956121683 0.933947444 -0.812194884 -0.103795789 -0.568622708 0.078957394
1403715336.712143 2.293855190 -3.032697916 0.930633724 -0.813464642 -0.104266271 -0.566724360 0.078913890
1403715336.962143 2.358720064 -3.101116657 0.937270880 -0.812091172 -0.104765318 -0.569009066 0.075901046
1403715337.212143 2.422574282 -3.153373957 0.958888471 -0.813689291 -0.118706055 -0.563122392 0.081926696
1403715337.462143 2.492320061 -3.187649488 0.981119990 -0.814618826 -0.138631538 -0.551724076 0.113040082
1403715337.712143 2.580967903 -3.225736380 0.999958098 -0.808063567 -0.150359601 -0.555142999 0.127441794
1403715337.962143 2.683001041 -3.270791531 1.016713500 -0.805028081 -0.155301407 -0.559613466 0.121012919
1403715338.462143 2.887223959 -3.358294964 1.047754288 -0.802743077 -0.156985819 -0.558322072 0.138692468
1403715338.712143 2.992810965 -3.409246922 1.069839358 -0.792738616 -0.197765738 -0.554057181 0.159608781
1403715338.962143 3.099216938 -3.468986511 1.088563681 -0.786316216 -0.233108476 -0.545058727 0.174006760
1403715339.462143 3.318265438 -3.580497503 1.083912015 -0.780880809 -0.250699699 -0.543315232 0.179397702
1403715339.712143 3.428376913 -3.623956442 1.064482212 -0.784242809 -0.247817948 -0.542716086 0.170319855
1403715339.962143 3.530786753 -3.652560472 1.036026001 -0.777301192 -0.261351407 -0.553827405 0.144130304
1403715340.212143 3.603312731 -3.633256435 1.019488811 -0.766498029 -0.291895092 -0.548437476 0.162770987
1403715340.712143 3.671211481 -3.491659164 1.073539138 -0.742441595 -0.361656219 -0.503652811 0.253612101
1403715340.962143 3.713509798 -3.412092209 1.095869422 -0.745392501 -0.361808300 -0.491885334 0.267457753
1403715341.212143 3.781012774 -3.333937883 1.119094849 -0.743051171 -0.354483813 -0.503894329 0.261355579
1403715341.462143 3.864559174 -3.261934280 1.146464825 -0.737878203 -0.343263060 -0.524488449 0.250236183
1403715341.712143 3.939365864 -3.201150179 1.171787143 -0.732566476 -0.344503254 -0.540480196 0.229227036
1403715341.962143 3.985513449 -3.137169361 1.185157418 -0.736313581 -0.346416116 -0.536405146 0.223847389
1403715342.262143 4.004262924 -3.052507401 1.194984198 -0.752487659 -0.342097670 -0.507642150 0.242963046
1403715342.512143 4.028223991 -2.975130796 1.195027351 -0.745868862 -0.365441412 -0.496181101 0.252856851
1403715342.762143 4.064178467 -2.879566908 1.197390676 -0.715026379 -0.414984643 -0.499882013 0.258153111
1403715343.012143 4.089089870 -2.764050484 1.199555993 -0.703453243 -0.425516188 -0.490118831 0.289608538
1403715343.262143 4.114218235 -2.640930176 1.190574527 -0.698721588 -0.430460721 -0.486365348 0.299900889
1403715343.512143 4.140320778 -2.517602205 1.170037150 -0.702659726 -0.435762346 -0.479848534 0.293472141
1403715343.762143 4.166483879 -2.383353710 1.153061271 -0.700404346 -0.435244083 -0.488016993 0.286069602
1403715344.012143 4.183510303 -2.235425234 1.146322846 -0.694677591 -0.433325738 -0.494645000 0.291510165
1403715344.262143 4.178716183 -2.081682920 1.142108321 -0.672989249 -0.456305683 -0.492201596 0.310818613
1403715344.512143 4.146562576 -1.937892675 1.134031296 -0.642385006 -0.481046170 -0.504510283 0.318442404
1403715344.762143 4.066740990 -1.813186407 1.113360643 -0.640953124 -0.498432755 -0.490929395 0.315804005
1403715347.112143 2.518573761 -1.017471313 0.998271406 -0.684658229 -0.458060771 -0.457363546 0.335025460
1403715349.862143 2.088688135 -0.507884264 0.708304882 -0.466449708 -0.667003572 -0.320844501 0.484344661
1403715350.462143 2.300814629 -0.487301737 0.594215870 -0.418902189 -0.725871086 -0.290541321 0.461755335
1403715350.712143 2.343358755 -0.453297108 0.548881531 -0.421785742 -0.724850237 -0.293574840 0.458805889
1403715351.012143 2.329863787 -0.383840770 0.510410011 -0.417345673 -0.720267653 -0.300368935 0.465634614
1403715351.462143 2.194013357 -0.262469321 0.493178964 -0.413350701 -0.712321877 -0.300508112 0.481075585
1403715353.062143 1.402168989 -0.018960532 0.591144443 -0.349816948 -0.729470491 -0.239254087 0.536897063
1403715353.912143 1.230055571 0.042807028 0.629872441 -0.325539708 -0.746454298 -0.234291151 0.530978024
1403715354.412143 1.159478068 0.033350758 0.536015570 -0.333014309 -0.752882361 -0.210623041 0.527169526
1403715354.912143 1.107171178 0.074783109 0.535764813 -0.329940200 -0.754095495 -0.215158343 0.525534332
1403715355.212143 1.073698044 0.120259479 0.619496167 -0.320385218 -0.757065475 -0.207010239 0.530426323
1403715355.962143 1.004132152 0.253760815 0.758490801 -0.205805421 -0.796618581 -0.144428819 0.549712121
1403715356.212143 0.978157401 0.296047509 0.792016447 -0.197261110 -0.800905943 -0.161069050 0.541935921
1403715356.462143 0.932119370 0.317571819 0.812760651 -0.213549256 -0.802216887 -0.166925177 0.531959414
1403715356.962143 0.761359155 0.336000741 0.818273664 -0.200994074 -0.804450810 -0.116722845 0.546659052
1403715357.612143 0.488435745 0.446735770 0.907022715 -0.099581338 -0.818469703 -0.079637766 0.560222030
1403715358.012143 0.308621138 0.493323922 0.932672024 -0.081688955 -0.820227981 -0.097212732 0.557765722
1403715358.212143 0.206203699 0.485953689 0.930923343 -0.090121582 -0.822924852 -0.087864183 0.554033101
1403715358.412143 0.085901171 0.463226765 0.926280737 -0.090118505 -0.825471699 -0.082794823 0.551017404
1403715358.612143 -0.051891681 0.427496940 0.918928325 -0.066738196 -0.820977271 -0.079986572 0.561377227
1403715359.012143 -0.330195725 0.318325788 0.893583834 -0.051109277 -0.807375848 -0.029979791 0.587054908
1403715359.212143 -0.447446704 0.267194182 0.873461902 -0.044481255 -0.807375193 -0.024485886 0.587849736
1403715359.412143 -0.543581009 0.219766885 0.854777634 -0.038481466 -0.807215273 -0.034261581 0.588004172
1403715360.012143 -0.728572547 0.015718468 0.852460623 -0.050796695 -0.812691748 -0.031230092 0.579634845
1403715360.212143 -0.766865253 -0.061952353 0.860672593 -0.049070958 -0.815928936 -0.031932626 0.575180173
1403715360.412143 -0.799665272 -0.134449631 0.869651198 -0.066584341 -0.815136373 -0.026264325 0.574829996
1403715360.612143 -0.826024055 -0.189727515 0.878843009 -0.107269421 -0.810955465 -0.028569425 0.574480891
1403715360.962143 -0.849322915 -0.221336916 0.907033443 -0.167294368 -0.801579177 -0.106335796 0.564071059
1403715361.262143 -0.861160040 -0.228204042 0.933134556 -0.235019341 -0.786912799 -0.163189054 0.546720803
1403715361.662143 -0.892435074 -0.248726070 0.949973106 -0.304640263 -0.763709605 -0.223180562 0.523576617
1403715362.012143 -0.958699465 -0.275421143 0.934023261 -0.359832555 -0.746455252 -0.247357905 0.502134681
1403715362.162143 -0.998690486 -0.281143248 0.922765076 -0.386997432 -0.731920421 -0.269128889 0.492031753
1403715362.312143 -1.044931769 -0.282078236 0.907967865 -0.416698545 -0.714073956 -0.295242071 0.478845417
1403715362.762143 -1.234730124 -0.274235457 0.860819519 -0.514344275 -0.644627750 -0.359323949 0.436796725
1403715363.162143 -1.421048284 -0.249452710 0.852705359 -0.598426044 -0.553510845 -0.371518373 0.444394231
1403715363.362143 -1.459803462 -0.238979414 0.861187816 -0.623305321 -0.530022681 -0.386807084 0.425378352
1403715363.562143 -1.458879232 -0.232872799 0.878493309 -0.641581595 -0.507490039 -0.410569429 0.402814806
1403715363.962143 -1.381744027 -0.231336132 0.921451509 -0.677562535 -0.451859206 -0.469991505 0.340353310
1403715364.362143 -1.288602114 -0.261271387 0.963277638 -0.718456089 -0.385486186 -0.496382505 0.298036575
1403715364.612143 -1.230395079 -0.295242310 0.999421954 -0.726529658 -0.375262290 -0.492261022 0.298348874
1403715365.162143 -1.063901663 -0.411488712 1.094181299 -0.739064932 -0.353065968 -0.520482898 0.241298676
1403715365.412143 -1.007799745 -0.454414934 1.134648800 -0.746190667 -0.325723946 -0.534497380 0.226751179
1403715365.912143 -0.942610443 -0.546807468 1.186974287 -0.780713141 -0.226479873 -0.550802827 0.189235538
1403715366.212143 -0.910192311 -0.632930756 1.203041077 -0.791592002 -0.186251834 -0.552624166 0.182480052
1403715367.112143 -0.775781810 -1.052618861 1.226740718 -0.801387250 -0.215939686 -0.534695268 0.158901170
1403715367.412143 -0.688035607 -1.170635343 1.245922685 -0.803358674 -0.220023453 -0.527397156 0.167501509
1403715367.712143 -0.557115912 -1.278210163 1.268207788 -0.802048266 -0.225564569 -0.525789559 0.171419635
1403715369.012143 0.238857210 -1.786526322 1.292163014 -0.786543906 -0.225655451 -0.549965620 0.167230800
1403715369.862143 0.723462522 -2.136677980 1.282968044 -0.737619936 -0.378602952 -0.499880314 0.250392377
1403715370.862143 1.270098686 -2.232842445 1.259068489 -0.731838942 -0.371184260 -0.506071210 0.265567183
1403715371.362143 1.542786956 -2.223552942 1.238279223 -0.751769125 -0.381540537 -0.481413126 0.239815444
1403715372.362143 2.259157419 -1.982964396 1.191681027 -0.724727035 -0.385308206 -0.499354273 0.277405143
1403715372.862143 2.627421618 -1.859338880 1.245793819 -0.702246666 -0.418942451 -0.492023051 0.298747718
1403715373.362143 2.978641748 -1.747413754 1.278069377 -0.704027057 -0.414732933 -0.490014017 0.303692013
1403715373.862143 3.294392586 -1.643171310 1.293338895 -0.674011528 -0.460342675 -0.487805903 0.309578091
1403715374.862143 3.617394686 -1.376978517 1.305699587 -0.589770854 -0.588753939 -0.398765296 0.382786214
1403715375.962143 3.625601053 -0.825225472 1.277164578 -0.601817608 -0.553159177 -0.430904478 0.382298201
1403715376.312143 3.569658041 -0.648414493 1.247623563 -0.600097179 -0.545269251 -0.429828882 0.397255749
1403715376.662143 3.502833843 -0.513686121 1.206022978 -0.591618240 -0.556278348 -0.434868455 0.389142275
1403715377.362143 3.265573263 -0.391169369 1.137541533 -0.575910091 -0.569722652 -0.429548383 0.399038821
1403715377.712143 3.090752840 -0.405445874 1.107253909 -0.575044811 -0.571078181 -0.423689663 0.404574215
1403715380.562143 1.589571714 -0.462972701 1.123227358 -0.583184838 -0.573783576 -0.416054130 0.396946967
1403715380.912143 1.340188742 -0.416154921 1.148595095 -0.579108596 -0.575330317 -0.418287367 0.398326516
1403715381.262143 1.080027699 -0.390196085 1.166193604 -0.582913697 -0.568275809 -0.418213308 0.402953863
1403715383.512143 -0.369175434 -0.046341926 1.094596744 -0.727702200 -0.399840891 -0.476778686 0.288546294
1403715383.862143 -0.475462466 0.120717227 1.067868829 -0.740073621 -0.357809216 -0.503388047 0.266203254
1403715385.162143 -0.541220307 0.494342655 1.044290543 -0.820529222 -0.103458382 -0.555027425 0.089290679
1403715386.662143 -0.127691433 0.445310563 1.161247969 -0.802754104 -0.075102895 -0.585627735 0.083580092
1403715387.162143 -0.085047461 0.245328188 1.131591678 -0.818072557 -0.067933232 -0.562478244 0.098795056
1403715389.162143 0.526586056 -1.142742395 0.974149585 -0.809186459 -0.118368573 -0.568927228 0.086763814
1403715389.662143 0.728174925 -1.437483072 1.021704078 -0.807289481 -0.127447873 -0.568954468 0.091277674
1403715390.162143 0.922657967 -1.678662896 1.015972376 -0.807301641 -0.194094345 -0.541250169 0.132814810
1403715390.662143 1.175655842 -1.829501748 0.979790509 -0.774148345 -0.296481252 -0.532263041 0.171724483
1403715392.162143 2.237702131 -1.658555746 1.020224571 -0.732670844 -0.394401491 -0.484510511 0.269982219
1403715393.512143 3.276561260 -1.277923107 1.194643378 -0.543782711 -0.606435716 -0.415551722 0.404787481
1403715393.962143 3.385750771 -1.199259400 1.183187485 -0.466959685 -0.674714386 -0.333041787 0.464534670
1403715394.362143 3.414405346 -1.156646848 1.168616056 -0.376315564 -0.726190627 -0.269966274 0.508086681
1403715394.762143 3.408458948 -1.154635906 1.159054756 -0.268671840 -0.768217385 -0.203141183 0.544418335
1403715395.162143 3.385668993 -1.213767767 1.145678043 -0.148163006 -0.808968186 -0.112117261 0.557716727
1403715395.562143 3.335390568 -1.298503637 1.118453145 -0.049928837 -0.824970663 -0.039233092 0.561597109
1403715395.962143 3.255418777 -1.394265413 1.059873819 0.006312639 -0.826714814 0.008291752 0.562524736
1403715396.312143 3.161842823 -1.459106803 1.015466690 0.000908284 -0.821530700 0.026245719 0.569559157
1403715396.662143 3.061517477 -1.487841606 0.979757965 0.025208231 -0.817715406 0.007229538 0.575025082
1403715397.012143 2.973138571 -1.535509586 0.924792886 0.045799032 -0.827305198 0.030772625 0.559036434
1403715397.312143 2.875869274 -1.579083443 0.866386890 0.041683562 -0.835892677 0.054707002 0.544566929
1403715397.662143 2.694305182 -1.592752576 0.812849879 0.035538223 -0.831786633 0.067900144 0.549779654
1403715398.062143 2.432834387 -1.530563474 0.798920572 0.044474922 -0.809205890 0.048818719 0.583801925
1403715398.562143 2.182702541 -1.421312928 0.752859831 0.042019166 -0.808842719 0.028259046 0.585840702
1403715399.062143 2.075462341 -1.366447806 0.722862005 0.050635401 -0.796400964 0.001562790 0.602643490
1403715399.562143 2.145393848 -1.447477937 0.708381951 0.054379523 -0.811269343 0.009167049 0.582066178
1403715400.062143 2.262886047 -1.628020763 0.717073500 0.034120664 -0.834013343 0.007469876 0.550637603
1403715400.412143 2.276457787 -1.800001383 0.747529685 -0.006706678 -0.831542850 -0.044657793 0.553621948
1403715400.762143 2.235885859 -2.032177210 0.759413719 -0.106039532 -0.828436434 -0.080839247 0.543979585
1403715401.062143 2.154897451 -2.239925623 0.751639843 -0.188274577 -0.819022238 -0.101622425 0.532379806
1403715401.412143 1.996947646 -2.430730343 0.761983037 -0.205693781 -0.815987170 -0.129133388 0.524575591
1403715401.712143 1.800594091 -2.549125195 0.795634210 -0.214975283 -0.798812687 -0.126149714 0.547512770
1403715402.012143 1.599466205 -2.621064901 0.829606473 -0.229255587 -0.786793113 -0.141032696 0.555435359
1403715402.312143 1.420334220 -2.668603182 0.853458464 -0.222317934 -0.774870574 -0.163356915 0.568739831
1403715402.562143 1.300520182 -2.713995218 0.857651234 -0.236353174 -0.772349358 -0.201995805 0.553905666
1403715402.812143 1.184754729 -2.791073799 0.858923972 -0.259124696 -0.764734030 -0.208810359 0.551755726
1403715403.062143 1.076824784 -2.895544052 0.855501533 -0.291700840 -0.770507097 -0.182262495 0.536665499
1403715403.312143 0.973085046 -2.974797726 0.862782896 -0.301477700 -0.780306578 -0.173897713 0.519608021
1403715403.562143 0.862861872 -3.007633686 0.878817141 -0.308588773 -0.773522258 -0.193054765 0.518812180
1403715403.812143 0.744304538 -3.004777908 0.885641694 -0.352358282 -0.760427594 -0.211473927 0.502864063
1403715404.062143 0.618081331 -2.959224224 0.898058832 -0.397674084 -0.736138821 -0.241512507 0.491555363
1403715404.312143 0.488022506 -2.878144741 0.915312827 -0.418178886 -0.713297188 -0.294733703 0.479025692
1403715404.562143 0.338621318 -2.794003725 0.920619607 -0.427258909 -0.702427626 -0.317908317 0.472207129
1403715404.812143 0.166555539 -2.722267628 0.910347819 -0.438698858 -0.690286696 -0.312270612 0.483254373
1403715405.112143 -0.038646579 -2.646778584 0.889353275 -0.475245595 -0.659568369 -0.321743935 0.485378325
1403715405.362143 -0.177736670 -2.595392942 0.867954671 -0.532359719 -0.620492935 -0.346168399 0.460162103
1403715405.612143 -0.280843139 -2.546520233 0.847034454 -0.583843052 -0.581311524 -0.381437600 0.419177413
1403715405.862143 -0.363581657 -2.491081953 0.825855315 -0.625781476 -0.547897279 -0.414470434 0.369351357
1403715406.162143 -0.455169231 -2.399706125 0.793558419 -0.668782771 -0.479594588 -0.456836045 0.337667853
1403715406.512143 -0.548424780 -2.283447504 0.730762482 -0.722492754 -0.401855022 -0.478495359 0.295903653
1403715406.812143 -0.594425738 -2.186463118 0.669670165 -0.754051864 -0.340330988 -0.499417305 0.257221431
1403715407.112143 -0.602066398 -2.094144821 0.616866827 -0.777541578 -0.283202291 -0.519850373 0.212087914
1403715407.412143 -0.578652322 -2.001337051 0.577971280 -0.802852869 -0.253457099 -0.510091484 0.176049814
1403715407.662143 -0.516100287 -1.901145697 0.568262696 -0.797853351 -0.248021975 -0.523016036 0.168432340
1403715407.912143 -0.430770993 -1.780820131 0.576166093 -0.785895228 -0.257160604 -0.538555324 0.161849797
1403715408.162143 -0.343892038 -1.637017012 0.616209567 -0.784708977 -0.253821194 -0.538595259 0.172400370
1403715410.662143 0.045551389 -0.804300666 0.879113019 -0.713731527 -0.402688056 -0.507691860 0.265854478
1403715411.012143 0.052605674 -0.701876998 0.861996770 -0.701816380 -0.400686562 -0.514036238 0.287525564
1403715411.512143 0.019226208 -0.609353006 0.833956182 -0.700216413 -0.400471896 -0.500742435 0.313968778
1403715412.012143 -0.011537731 -0.604237080 0.806702435 -0.700075805 -0.415211469 -0.494244695 0.305312097
1403715412.462143 -0.044795077 -0.640049994 0.782166302 -0.705533981 -0.417065233 -0.487919301 0.300355077
1403715412.862143 -0.067840070 -0.671947598 0.764412224 -0.709930897 -0.421068370 -0.482388258 0.293259740
1403715413.312143 -0.084587052 -0.680396795 0.706686854 -0.705337226 -0.416461706 -0.490674645 0.297148794
1403715413.662143 -0.097470723 -0.692651391 0.616416931 -0.705581725 -0.410567164 -0.490781128 0.304504633
1403715414.012143 -0.103146046 -0.721946061 0.543763995 -0.701912522 -0.416648775 -0.496928126 0.294593096
1403715414.312143 -0.124835759 -0.748037696 0.534253180 -0.715430915 -0.422587723 -0.478832424 0.283368498
1403715414.612143 -0.143854141 -0.735196352 0.542387962 -0.711044967 -0.422969192 -0.485842466 0.281902850
1403715414.912143 -0.168557182 -0.694384515 0.505204082 -0.713110209 -0.402876973 -0.485964805 0.304962784
1403715415.212143 -0.176270872 -0.667367518 0.444998622 -0.719620109 -0.385931700 -0.483067214 0.315990180
1403715415.612143 -0.149649695 -0.670448422 0.398529947 -0.708896220 -0.402084321 -0.509196103 0.276611060
1403715415.762143 -0.147791356 -0.672027349 0.378595531 -0.710307717 -0.401461452 -0.509180784 0.273909986
1403715416.212143 -0.153329045 -0.665971220 0.381507754 -0.709350109 -0.401330233 -0.511424065 0.272400439
1403715416.612143 -0.151922911 -0.665488422 0.380595028 -0.711120605 -0.401389509 -0.508950472 0.272329748
1403715417.012143 -0.153345883 -0.667168677 0.379137844 -0.711355031 -0.400924325 -0.508651495 0.272960603
1403715417.412143 -0.155257925 -0.667961419 0.378603518 -0.711634994 -0.400844961 -0.508286893 0.273026556
1403715417.612143 -0.156033069 -0.668710649 0.378435642 -0.711656690 -0.400702834 -0.508282661 0.273186475
1403715418.112143 -0.156597763 -0.669520199 0.379184306 -0.711728156 -0.400618941 -0.508232057 0.273217201
1403715418.612143 -0.155433178 -0.670167089 0.381322294 -0.711827517 -0.400438547 -0.508180320 0.273319155
