1403715277.862143 24.626972198 -22.537202835 9.045139313 -0.554116726 -0.619426131 -0.370682329 0.414560676
1403715278.662143 24.621412277 -22.515741348 9.062771797 -0.551326871 -0.607698083 -0.382513136 0.424765319
1403715278.912143 24.605667114 -22.474456787 9.139893532 -0.549017966 -0.598973751 -0.385681659 0.437103510
1403715279.412143 24.586008072 -22.417585373 9.166504860 -0.549043238 -0.601877809 -0.384892136 0.433765799
1403715281.212143 24.519874573 -22.214792252 9.375333786 -0.629283130 -0.526968241 -0.434700638 0.370597661
1403715283.712143 24.416671753 -21.511339188 9.158078194 -0.819304585 -0.075819306 -0.564777732 0.063385315
1403715284.512143 24.441238403 -21.337654114 9.083976746 -0.822042823 -0.066185132 -0.561401427 0.068509243
1403715284.962143 24.511022568 -21.285476685 9.064470291 -0.811116755 -0.067448281 -0.578414798 0.054559596
1403715285.212143 24.535909653 -21.266021729 9.065460205 -0.809098423 -0.017075690 -0.586545587 0.032131802
1403715285.412143 24.539810181 -21.256725311 9.089414597 0.820845485 -0.015556375 0.570528865 -0.021624837
1403715285.862143 24.563938141 -21.282136917 9.255444527 0.825476408 -0.032819007 0.563386738 -0.010344190
1403715286.362143 24.648628235 -21.370067596 9.395380974 0.828089654 -0.024433468 0.560023963 0.006615201
1403715286.612143 24.715471268 -21.412578583 9.444859505 0.825219393 -0.022870367 0.564185381 0.013597926
1403715289.112143 25.198015213 -21.705923080 9.659482956 0.784505844 -0.233271360 0.551118374 0.162492022
1403715289.612143 25.208414078 -21.776678085 9.500763893 0.770937979 -0.290381312 0.528477609 0.205048263
1403715289.862143 25.236928940 -21.801685333 9.415336609 0.765358865 -0.310851365 0.521211863 0.214325577
1403715290.112143 25.286901474 -21.823028564 9.392298698 0.765927136 -0.306120783 0.525118828 0.209513709
1403715290.362143 25.355838776 -21.845193863 9.425570488 0.776254177 -0.294357330 0.520918369 0.198563203
1403715290.862143 25.555091858 -21.910694122 9.468384743 0.768520474 -0.294422358 0.534780562 0.191576615
1403715291.112143 25.664192200 -21.947927475 9.474241257 0.758152306 -0.312010676 0.542403400 0.183447823
1403715291.362143 25.755451202 -21.998046875 9.469839096 0.746841609 -0.333358616 0.544968605 0.184686258
1403715291.612143 25.815776825 -22.066555023 9.447290421 0.743988514 -0.353891730 0.531709909 0.196281418
1403715292.112143 25.893281937 -22.270223618 9.388738632 0.747910023 -0.356130391 0.509708166 0.232377961
1403715292.412143 25.966236115 -22.408220291 9.349133492 0.767450511 -0.315933049 0.516056120 0.211877659
1403715292.662143 26.055128098 -22.521051407 9.327160835 0.779627860 -0.251294225 0.543691695 0.182841212
1403715294.412143 26.531572342 -22.912195206 9.637963295 -0.804523408 -0.088098750 -0.581956923 0.079416335
1403715296.662143 26.559148788 -23.385513306 9.230758667 -0.714081645 -0.425105125 -0.467978030 0.300615460
1403715296.912143 26.614843369 -23.435091019 9.236945152 -0.693738639 -0.441022724 -0.481095850 0.304585904
1403715297.212143 26.678825378 -23.478706360 9.224903107 -0.680764377 -0.479846597 -0.443074435 0.331650853
1403715297.712143 26.853490829 -23.460332870 9.172471046 -0.625647485 -0.558418870 -0.387444735 0.382910281
1403715300.462143 26.966108322 -22.971113205 9.267765999 -0.284245014 -0.749746621 -0.205986708 0.560940504
1403715301.012143 26.965692520 -22.851753235 9.280452728 -0.290536374 -0.747627735 -0.218339905 0.555849850
1403715302.762143 27.241115570 -23.352481842 9.183492661 -0.337484181 -0.754397094 -0.222149417 0.517338574
1403715304.412143 26.927598953 -23.716482162 9.107682228 -0.107626565 -0.806387484 -0.054969713 0.578907788
1403715304.662143 26.918392181 -23.743925095 9.064041138 -0.110083371 -0.806085706 -0.069931164 0.577249706
1403715305.162143 26.929697037 -23.803331375 9.023713112 -0.118624523 -0.809894502 -0.079616323 0.568911612
1403715305.412143 26.937311172 -23.835515976 9.044442177 -0.117462032 -0.813694537 -0.074613474 0.564390540
1403715305.662143 26.942914963 -23.863756180 9.101016998 -0.107871488 -0.813544691 -0.067504555 0.567408085
1403715305.962143 26.948099136 -23.887273788 9.224099159 -0.102127731 -0.815566957 -0.059739612 0.566437781
1403715307.862143 27.495779037 -23.778833389 9.356749535 -0.406779945 -0.723623514 -0.279802382 0.482296437
1403715308.112143 27.562011719 -23.804376602 9.292245865 -0.449963987 -0.697656572 -0.316762984 0.458768964
1403715308.362143 27.599376678 -23.813177109 9.231475830 -0.483264059 -0.673766792 -0.343099207 0.441335559
1403715308.612143 27.604930878 -23.808250427 9.181392670 -0.507043302 -0.655732930 -0.344796866 0.440495908
1403715310.362143 27.838907242 -23.436128616 9.289756775 -0.482197285 -0.637989998 -0.353331834 0.485398084
1403715310.862143 28.048795700 -23.438022614 9.310111046 -0.529421985 -0.627663076 -0.372500628 0.432428777
1403715311.162143 28.148666382 -23.444704056 9.318445206 -0.547470272 -0.618875861 -0.362471700 0.431141883
1403715311.412143 28.234956741 -23.429973602 9.321985245 -0.556477189 -0.614226162 -0.356150448 0.431527883
1403715313.512143 28.866785049 -22.886701584 9.477652550 -0.531895995 -0.615967631 -0.389765829 0.430990905
1403715313.762143 28.881694794 -22.894897461 9.521232605 -0.541151464 -0.611373484 -0.398640037 0.417688400
1403715314.012143 28.877449036 -22.910923004 9.567954063 -0.551830351 -0.602265477 -0.396837234 0.418664247
1403715314.262143 28.867969513 -22.932634354 9.596392632 -0.573584199 -0.585557640 -0.417909175 0.391759366
1403715315.512143 28.551647186 -22.943515778 9.616004944 -0.640081048 -0.510565162 -0.449730784 0.356877893
1403715317.262143 28.192016602 -22.851142883 9.428029060 -0.778089106 -0.260992855 -0.543629944 0.175859734
1403715317.512143 28.136981964 -22.789773941 9.388062477 -0.798203230 -0.197827652 -0.551693857 0.139175028
1403715317.762143 28.084169388 -22.728328705 9.356490135 -0.809630573 -0.135490626 -0.560872197 0.107532285
1403715318.262143 28.005962372 -22.664276123 9.300498009 -0.821638942 -0.038736247 -0.564521730 0.068731971
1403715318.512143 27.986392975 -22.682891846 9.272881508 -0.824914157 -0.027541153 -0.563433051 0.036075152
1403715319.012143 28.019363403 -22.750856400 9.211446762 0.840202689 -0.032063499 0.540571988 0.028519196
1403715319.262143 28.103858948 -22.776763916 9.191888809 0.827041864 -0.065556996 0.554502845 0.065044105
1403715319.712143 28.311346054 -22.768850327 9.174409866 0.809593260 -0.138423413 0.559050500 0.113403544
1403715319.962143 28.445987701 -22.732454300 9.229692459 0.808092654 -0.151299819 0.556757033 0.118811533
1403715320.212143 28.590435028 -22.683456421 9.297536850 0.799543619 -0.175181493 0.557032347 0.140557736
1403715320.462143 28.731800079 -22.618358612 9.354410172 0.770548284 -0.239982009 0.565126002 0.171162620
1403715320.962143 28.922275543 -22.468458176 9.442485809 0.722436726 -0.374847263 0.546847880 0.196296066
1403715321.212143 28.945789337 -22.426773071 9.470848083 0.724436760 -0.384683698 0.531193852 0.212233275
1403715321.462143 28.928922653 -22.420228958 9.491530418 0.724768102 -0.385636717 0.529680908 0.213151902
1403715321.762143 28.863437653 -22.459194183 9.516303062 0.724942267 -0.376087248 0.533433914 0.220148563
1403715322.062143 28.739351273 -22.533016205 9.544620514 0.707123399 -0.397240788 0.539015830 0.227240533
1403715322.312143 28.583280563 -22.612916946 9.569129944 0.718080997 -0.401665777 0.505711138 0.259385049
1403715322.612143 28.391269684 -22.725940704 9.544259071 0.712764382 -0.430120885 0.472114146 0.289950401
1403715323.112143 28.180994034 -22.971193314 9.489735603 0.708261371 -0.435592800 0.463999748 0.305498153
1403715324.162143 28.242240906 -23.516918182 9.573266983 0.662185848 -0.410154372 0.530758560 0.334033996
1403715325.512143 28.194297791 -23.405584335 9.696701050 0.693256378 -0.429410756 0.501151145 0.289567858
1403715325.962143 28.111610413 -23.349803925 9.693724632 0.693045676 -0.447265744 0.497960865 0.267723978
1403715326.212143 28.033992767 -23.358716965 9.682615280 0.696425080 -0.437053829 0.489514202 0.290434182
1403715326.462143 27.957841873 -23.379655838 9.661123276 0.684561968 -0.426817238 0.501764417 0.312145114
1403715326.712143 27.884799957 -23.378795624 9.636811256 0.675758481 -0.424838930 0.509112597 0.321973294
1403715327.212143 27.717260361 -23.304929733 9.582914352 0.680601180 -0.458182752 0.493452132 0.288713902
1403715327.462143 27.608549118 -23.285747528 9.565020561 0.680547655 -0.466817528 0.489994198 0.280788034
1403715327.712143 27.479549408 -23.299596786 9.548963547 0.695399344 -0.445230782 0.488582790 0.281915367
1403715328.212143 27.228088379 -23.388772964 9.512516975 0.725527704 -0.370354325 0.515527189 0.265855253
1403715328.462143 27.113925934 -23.426063538 9.503735542 0.719392002 -0.362815976 0.521671474 0.280532837
1403715328.712143 27.012115479 -23.427864075 9.492416382 0.728482366 -0.368076503 0.507930398 0.275390476
1403715328.962143 26.943851471 -23.404516220 9.480945587 0.747479081 -0.338810980 0.518514395 0.240052268
1403715329.962143 26.825866699 -23.301990509 9.369782448 0.791273355 -0.217146426 0.554300368 0.139589101
1403715330.262143 26.816110611 -23.290571213 9.307514191 0.796344876 -0.207573563 0.551732242 0.135423973
1403715331.262143 26.807851791 -23.307485580 9.395963669 0.807489812 -0.136427462 0.571061432 0.056892466
1403715332.062143 26.726663589 -23.491500854 9.635163307 0.815649688 -0.099206142 0.566838622 0.059731349
1403715332.562143 26.720218658 -23.630756378 9.649595261 0.821434021 -0.111507699 0.558098733 0.036579728
1403715332.962143 26.770305634 -23.815637589 9.680150032 0.810840011 -0.083099701 0.578194141 0.036392897
1403715334.112143 26.694881439 -24.361480713 9.644431114 0.822876096 -0.030690527 0.567384779 0.002750800
1403715334.612143 26.666751862 -24.601377487 9.651653290 0.823628366 -0.006857728 0.566965640 -0.011801403
1403715335.162143 26.697969437 -24.871538162 9.647891045 -0.823211849 -0.001398784 -0.567718148 0.004070711
1403715335.462143 26.736865997 -24.998771667 9.642519951 -0.823346019 -0.016318860 -0.567172825 0.012250194
1403715335.762143 26.793838501 -25.110857010 9.636299133 -0.822637439 -0.035425253 -0.566340625 0.035651088
1403715336.312143 26.924274445 -25.303670883 9.619038582 -0.809921086 -0.067857429 -0.579788506 0.057170965
1403715336.562143 26.976823807 -25.386615753 9.612071991 -0.816502392 -0.073674291 -0.569845736 0.056318998
1403715336.812143 27.032421112 -25.463756561 9.611894608 -0.816427410 -0.073255293 -0.570165157 0.054695621
1403715337.412143 27.178501129 -25.593639374 9.658305168 -0.819916725 -0.104697831 -0.556501091 0.084152319
1403715337.712143 27.276521683 -25.645885468 9.681210518 -0.813120842 -0.119357944 -0.560013711 0.104752205
1403715337.962143 27.373943329 -25.698343277 9.698262215 -0.810248077 -0.124379396 -0.564251423 0.098224506
1403715338.212143 27.472585678 -25.751163483 9.716046333 -0.809473753 -0.116550952 -0.567036152 0.098174006
1403715338.462143 27.569845200 -25.801494598 9.730240822 -0.808110356 -0.126182765 -0.563525200 0.116082273
1403715338.712143 27.670707703 -25.859554291 9.751950264 -0.799701750 -0.167312324 -0.560057282 0.137184054
1403715338.962143 27.771453857 -25.927209854 9.770870209 -0.794699609 -0.202887744 -0.551542938 0.151952744
1403715339.462143 27.980110168 -26.053995132 9.766758919 -0.789974868 -0.220640182 -0.549998283 0.157351628
1403715339.762143 28.107236862 -26.115421295 9.741768837 -0.792293131 -0.219373122 -0.551377058 0.141881779
1403715340.012143 28.203968048 -26.144392014 9.713231087 -0.784642458 -0.237778634 -0.559927344 0.119494386
1403715340.312143 28.279600143 -26.108047485 9.706655502 -0.772140205 -0.276020020 -0.548461556 0.163713932
1403715340.562143 28.316486359 -26.037727356 9.739107132 -0.759854972 -0.318594068 -0.523678362 0.216515943
1403715340.862143 28.364776611 -25.948459625 9.769700050 -0.756396472 -0.336896867 -0.505855203 0.241816953
1403715341.162143 28.442693710 -25.860296249 9.795500755 -0.758071184 -0.329123586 -0.508685052 0.241340742
1403715341.712143 28.628335953 -25.726058960 9.852590561 -0.745214462 -0.316457689 -0.549005389 0.207612857
1403715341.962143 28.678651810 -25.666530609 9.865788460 -0.749013424 -0.318177879 -0.544775128 0.202390239
1403715342.212143 28.699085236 -25.598573685 9.873688698 -0.763833106 -0.313218653 -0.519685984 0.219953731
1403715342.512143 28.733167648 -25.509407043 9.875327110 -0.759315610 -0.336829066 -0.505679965 0.232967451
1403715342.812143 28.783775330 -25.396438599 9.877588272 -0.727863133 -0.391988873 -0.506326795 0.245343193
1403715343.062143 28.817180634 -25.281034470 9.879138947 -0.717962563 -0.398723662 -0.500144422 0.274599433
1403715343.312143 28.852071762 -25.160858154 9.866906166 -0.715337873 -0.404846609 -0.495749027 0.280399680
1403715343.612143 28.895183563 -25.014736176 9.841750145 -0.719443679 -0.408606499 -0.491474181 0.271835864
1403715343.862143 28.931341171 -24.877534866 9.829204559 -0.713716984 -0.406591982 -0.504385293 0.266245335
1403715344.112143 28.952033997 -24.727396011 9.824318886 -0.704634666 -0.412382752 -0.504528522 0.280858487
1403715344.362143 28.950593948 -24.576065063 9.818271637 -0.676689208 -0.443288922 -0.508928537 0.294242203
1403715344.612143 28.913002014 -24.436914444 9.805740356 -0.656416118 -0.462849975 -0.513795972 0.301498860
1403715344.912143 28.798131943 -24.286380768 9.776939392 -0.660812199 -0.478569925 -0.496477902 0.296323717
1403715346.762143 27.568717957 -23.557670593 9.671366692 -0.685560882 -0.438827127 -0.478938848 0.328716576
1403715349.112143 26.776159286 -23.015727997 9.565896988 -0.538906157 -0.612291932 -0.353346914 0.458066374
1403715350.212143 27.124729156 -22.918907166 9.320020676 -0.454625547 -0.686818421 -0.308124721 0.476083279
1403715350.512143 27.225162506 -22.907974243 9.262001991 -0.444655240 -0.711281598 -0.310175240 0.447383046
1403715350.762143 27.259174347 -22.872728348 9.218208313 -0.450989544 -0.706550896 -0.309033632 0.449324638
1403715351.162143 27.221683502 -22.772359848 9.178694725 -0.442955226 -0.704228520 -0.317381203 0.455106705
1403715353.262143 26.306104660 -22.354167938 9.296142578 -0.373818845 -0.720400870 -0.257639259 0.524313033
1403715353.562143 26.246696472 -22.324893951 9.352427483 -0.365179867 -0.729040802 -0.254264444 0.520089209
1403715354.212143 26.138202667 -22.315670013 9.252370834 -0.364692330 -0.733701646 -0.228507996 0.525799990
1403715354.712143 26.088502884 -22.291721344 9.184990883 -0.355860770 -0.743165791 -0.237701237 0.514359772
1403715355.912143 25.982021332 -22.091915131 9.431885719 -0.239034459 -0.786684394 -0.164970592 0.544770598
1403715356.412143 25.923303604 -22.016954422 9.491724014 -0.238457263 -0.793901443 -0.188160434 0.526739419
1403715356.712143 25.839120865 -22.003341675 9.498246193 -0.258973598 -0.789367855 -0.166828215 0.531036079
1403715357.262143 25.623355865 -21.934394836 9.534847260 -0.165619180 -0.806461215 -0.101520225 0.558466017
1403715357.512143 25.522096634 -21.875486374 9.576743126 -0.135828316 -0.811313808 -0.100366935 0.559684873
1403715357.762143 25.418493271 -21.823583603 9.603548050 -0.122914426 -0.813415587 -0.106066070 0.558567166
1403715358.262143 25.174163818 -21.797014236 9.608983994 -0.124482989 -0.818846345 -0.105095401 0.550408661
1403715358.562143 24.977487564 -21.824527740 9.600485802 -0.103468098 -0.819150448 -0.103256769 0.554639518
1403715359.062143 24.624313354 -21.930603027 9.568823814 -0.080048606 -0.806386590 -0.049412038 0.583858907
1403715359.812143 24.288089752 -22.117425919 9.526350021 -0.074504480 -0.805230916 -0.062106684 0.584974349
1403715360.062143 24.225040436 -22.210367203 9.534778595 -0.081919990 -0.811559498 -0.052771568 0.576086462
1403715360.312143 24.172908783 -22.301441193 9.545533180 -0.083318964 -0.813724458 -0.053614244 0.572744310
1403715360.562143 24.131498337 -22.377601624 9.557314873 -0.128546596 -0.807846427 -0.045743898 0.573382556
1403715360.812143 24.106487274 -22.412580490 9.575487137 -0.171218172 -0.800527334 -0.090484433 0.567144632
1403715361.062143 24.094917297 -22.419319153 9.597344398 -0.219195440 -0.789610624 -0.148114830 0.553651810
1403715361.312143 24.083917618 -22.423717499 9.618225098 -0.275554299 -0.774250865 -0.192836553 0.536115110
1403715361.612143 24.060207367 -22.436092377 9.630825043 -0.328422517 -0.753685415 -0.238326699 0.517008126
1403715361.862143 24.019079208 -22.454946518 9.623968124 -0.363048345 -0.744524956 -0.251433849 0.500659049
1403715362.112143 23.959358215 -22.464126587 9.608520508 -0.405364543 -0.722131312 -0.279585153 0.485837609
1403715362.362143 23.883026123 -22.459514618 9.582925797 -0.453846902 -0.691189826 -0.321144104 0.461677521
1403715362.612143 23.783763885 -22.449111938 9.553946495 -0.506607056 -0.651996911 -0.359286129 0.434928626
1403715363.362143 23.490798950 -22.387081146 9.540744781 -0.642955720 -0.506370783 -0.402458996 0.410150349
1403715363.862143 23.544813156 -22.381410599 9.591173172 -0.683990717 -0.446409822 -0.467942953 0.337497354
1403715364.362143 23.659130096 -22.422365189 9.644736290 -0.732661366 -0.358383834 -0.506999135 0.278783679
1403715364.612143 23.714147568 -22.459672928 9.680401802 -0.740348637 -0.347882360 -0.502887368 0.279224038
1403715364.912143 23.801191330 -22.527589798 9.732005119 -0.741299987 -0.346620351 -0.518758595 0.247423470
1403715365.462143 23.934179306 -22.643901825 9.821434021 -0.760280192 -0.291431308 -0.544093668 0.202494487
1403715365.762143 23.970581055 -22.698087692 9.854376793 -0.779608786 -0.228768870 -0.553568959 0.182856590
1403715366.062143 23.997035980 -22.770332336 9.877156258 -0.795443475 -0.172379777 -0.557838798 0.162390813
1403715367.112143 24.111547470 -23.247241974 9.909284592 -0.809113741 -0.186045557 -0.540002286 0.138273448
1403715367.512143 24.224803925 -23.410594940 9.934476852 -0.811824441 -0.191892311 -0.531114161 0.148445949
1403715368.362143 24.686197281 -23.720254898 9.989277840 -0.795677722 -0.186178312 -0.552515686 0.164197937
1403715368.862143 24.983182907 -23.969655991 9.979793549 -0.792312205 -0.189676896 -0.561305285 0.145604014
1403715369.362143 25.247398376 -24.234498978 9.963620186 -0.786652267 -0.253058046 -0.535185456 0.175260827
1403715369.762143 25.465471268 -24.401233673 9.962549210 -0.756948769 -0.337225080 -0.511979401 0.226240903
1403715370.262143 25.751329422 -24.527036667 9.946969032 -0.740145922 -0.368005097 -0.512104213 0.233464450
1403715371.262143 26.273983002 -24.589876175 9.921735764 -0.765575647 -0.352412254 -0.490152836 0.222372875
1403715372.762143 27.360654831 -24.320638657 9.915940285 -0.718955040 -0.390226662 -0.504080832 0.277000636
1403715373.262143 27.719860077 -24.231912613 9.950589180 -0.720274448 -0.387105942 -0.497919589 0.288842469
1403715373.762143 28.057474136 -24.155601501 9.969028473 -0.700198889 -0.419568777 -0.505401790 0.279736876
1403715375.762143 28.514781952 -23.457378387 9.965698242 -0.624988616 -0.531961322 -0.437032014 0.367980123
1403715376.562143 28.424232483 -23.066160202 9.898284912 -0.610848546 -0.527717531 -0.453681409 0.377559751
1403715376.912143 28.344232559 -22.958019257 9.858485222 -0.603639543 -0.534915507 -0.452882349 0.379976720
1403715377.262143 28.221956253 -22.899770737 9.825165749 -0.597154677 -0.546296299 -0.447340339 0.380595863
1403715377.612143 28.056577682 -22.888998032 9.796235085 -0.594402373 -0.547352731 -0.441877753 0.389660031
1403715380.262143 26.713809967 -22.903711319 9.787137032 -0.601230502 -0.551513314 -0.432590783 0.383692861
1403715381.012143 26.191970825 -22.756639481 9.834876060 -0.599468410 -0.553861022 -0.434042662 0.381421983
1403715381.312143 25.970172882 -22.722578049 9.847608566 -0.605068207 -0.544289410 -0.433015972 0.387477279
1403715381.912143 25.556241989 -22.713182449 9.837903976 -0.617304444 -0.549339771 -0.432121783 0.361153603
1403715383.862143 24.495639801 -22.102626801 9.749689102 -0.753420770 -0.329771817 -0.512674868 0.246520326
1403715384.112143 24.453165054 -21.993524551 9.731733322 -0.775009751 -0.274225920 -0.530118942 0.207687378
1403715384.612143 24.406711578 -21.823108673 9.715608597 -0.811197698 -0.155322179 -0.546831250 0.137145713
1403715386.512143 24.842935562 -21.770494461 9.840900421 -0.807270288 -0.051648982 -0.585575521 0.052426536
1403715388.012143 24.994470596 -22.599456787 9.828258514 -0.830201805 -0.068287663 -0.549096882 0.067782387
1403715389.012143 25.342996597 -23.329158783 9.644747734 -0.814303815 -0.084102839 -0.570546687 0.065669641
1403715389.462143 25.509788513 -23.626447678 9.688396454 -0.811760008 -0.097978853 -0.572625339 0.059549268
1403715389.962143 25.680698395 -23.896217346 9.706010818 -0.811963677 -0.126998529 -0.561422646 0.096907899
1403715390.962143 26.148645401 -24.190877914 9.636681557 -0.777537704 -0.295298815 -0.520635843 0.192800745
1403715391.462143 26.459707260 -24.161228180 9.607452393 -0.766582072 -0.316465706 -0.506861389 0.235144347
1403715392.762143 27.624099731 -23.926588058 9.826505661 -0.678765237 -0.435021996 -0.499685526 0.316777706
1403715393.212143 27.960433960 -23.839773178 9.863785744 -0.628951371 -0.528258204 -0.449909240 0.350635409
1403715394.112143 28.255487442 -23.686256409 9.856910706 -0.464035720 -0.677249968 -0.324497759 0.469792128
1403715394.512143 28.272275925 -23.653491974 9.845226288 -0.360371083 -0.728684902 -0.271807909 0.515045166
1403715394.912143 28.258968353 -23.677364349 9.833153725 -0.257463813 -0.777400494 -0.188374534 0.542103171
1403715395.262143 28.226800919 -23.735095978 9.820846558 -0.150642172 -0.810012937 -0.110964864 0.555763364
1403715395.612143 28.173387527 -23.807880402 9.791591644 -0.072522894 -0.823424280 -0.051624849 0.560399652
1403715395.962143 28.095033646 -23.885894775 9.739077568 -0.024844296 -0.826399803 -0.012339094 0.562400162
1403715396.262143 28.011014938 -23.939157486 9.700017929 -0.032375738 -0.821219862 0.010659940 0.569593072
1403715396.912143 27.828792572 -23.993659973 9.622693062 0.009917927 -0.822047710 0.005569567 0.569305003
1403715397.212143 27.741323471 -24.030961990 9.564757347 0.015977012 -0.836305559 0.022866273 0.547553718
1403715397.562143 27.581241608 -24.049539566 9.504809380 0.003913978 -0.835764647 0.047084916 0.547051430
1403715397.862143 27.397008896 -24.009065628 9.482583046 0.007673550 -0.822809517 0.041377712 0.566757023
1403715398.262143 27.155107498 -23.907306671 9.467705727 0.014869181 -0.804257870 0.018485647 0.593806744
1403715399.262143 26.932121277 -23.789829254 9.397313118 0.017442871 -0.800378323 -0.008091811 0.599186897
1403715399.762143 27.039329529 -23.922992706 9.384024620 0.012906093 -0.829723895 -0.002659803 0.558018625
1403715400.262143 27.099039078 -24.136669159 9.414437294 -0.016810188 -0.831696391 -0.038711794 0.553624392
1403715400.612143 27.065935135 -24.342178345 9.438134193 -0.090688668 -0.827485263 -0.084267266 0.547670424
1403715400.912143 26.991817474 -24.547100067 9.437748909 -0.185540587 -0.815367460 -0.112767726 0.536688089
1403715401.212143 26.875555038 -24.729738235 9.433276176 -0.232709646 -0.810231984 -0.133591697 0.521079302
1403715401.512143 26.703483582 -24.862689972 9.452170372 -0.237058863 -0.804027736 -0.150275722 0.524175286
1403715401.812143 26.492074966 -24.950857162 9.489217758 -0.256608337 -0.781086326 -0.144064188 0.550728559
1403715402.112143 26.293653488 -24.995006561 9.520403862 -0.254057378 -0.777123094 -0.168944299 0.550447464
1403715402.362143 26.150335312 -25.023372650 9.535908699 -0.253546417 -0.767808676 -0.189251453 0.557106674
1403715402.612143 26.029739380 -25.063743591 9.541360855 -0.267837405 -0.760172486 -0.228657395 0.546000659
1403715402.862143 25.909732819 -25.140878677 9.541246414 -0.294808209 -0.754317045 -0.223650292 0.542286217
1403715403.112143 25.796533585 -25.236322403 9.538643837 -0.325681537 -0.761526585 -0.197081923 0.524564147
1403715403.362143 25.687156677 -25.298717499 9.549036026 -0.329616249 -0.768852949 -0.195754990 0.511760056
1403715403.612143 25.572353363 -25.314895630 9.564086914 -0.344064385 -0.759212554 -0.216057062 0.508463621
1403715403.862143 25.452762604 -25.295459747 9.570351601 -0.391076893 -0.742049694 -0.234039396 0.491575718
1403715404.112143 25.329973221 -25.230745316 9.584524155 -0.431433976 -0.714970946 -0.268853992 0.479998708
1403715404.362143 25.203773499 -25.136470795 9.599626541 -0.448220581 -0.694540441 -0.317987710 0.464322984
1403715404.612143 25.055875778 -25.042707443 9.601777077 -0.454797596 -0.684138477 -0.336705863 0.460155308
1403715404.862143 24.887201309 -24.959978104 9.589679718 -0.468370557 -0.670895755 -0.329518169 0.471111298
1403715405.112143 24.722578049 -24.884803772 9.571972847 -0.500160396 -0.641340911 -0.339410603 0.472569495
1403715405.362143 24.587926865 -24.822919846 9.550120354 -0.555770576 -0.600110292 -0.362954736 0.446374923
1403715405.612143 24.488416672 -24.765798569 9.529370308 -0.605718672 -0.559004605 -0.396675140 0.404063910
1403715405.862143 24.410011292 -24.704420090 9.508990288 -0.646380723 -0.524076819 -0.427750260 0.352937907
1403715406.112143 24.338916779 -24.625541687 9.484785080 -0.680069089 -0.466317356 -0.462809652 0.325363457
1403715406.362143 24.274492264 -24.538959503 9.444916725 -0.714724004 -0.408508062 -0.485320389 0.294541925
1403715406.662143 24.215158463 -24.436267853 9.385415077 -0.755103171 -0.341700763 -0.495936781 0.259049386
1403715406.962143 24.197780609 -24.339832306 9.325878143 -0.776000679 -0.283268094 -0.521645725 0.213232085
1403715407.312143 24.215816498 -24.235864639 9.272564888 -0.807054818 -0.228747085 -0.518824458 0.164798051
1403715407.562143 24.268487930 -24.148828506 9.255068779 -0.810701430 -0.217455983 -0.522085369 0.151337519
1403715407.862143 24.374277115 -24.018342972 9.261067390 -0.796120584 -0.227679804 -0.543262541 0.138635516
1403715408.162143 24.491012573 -23.858865738 9.299552917 -0.793902278 -0.224147975 -0.544634700 0.151162088
1403715408.462143 24.614221573 -23.688365936 9.383796692 -0.787164807 -0.224759206 -0.550968826 0.162136644
1403715408.762143 24.724075317 -23.521081924 9.379259109 -0.759825051 -0.259801626 -0.563394606 0.194307804
1403715409.062143 24.788787842 -23.380189896 9.373732567 -0.733502150 -0.325440258 -0.545350552 0.242190182
1403715410.562143 24.934009552 -23.086359024 9.563982964 -0.730178118 -0.372686177 -0.516650438 0.247016877
1403715411.062143 24.956960678 -22.945238113 9.537427902 -0.718089819 -0.375820786 -0.520773888 0.268142462
1403715411.562143 24.929603577 -22.858434677 9.511148453 -0.714812338 -0.375821799 -0.511695981 0.293204159
1403715412.062143 24.898191452 -22.858261108 9.484302521 -0.716069520 -0.388408363 -0.504621685 0.285902977
1403715412.462143 24.866022110 -22.888933182 9.462817192 -0.721083522 -0.390156746 -0.498858124 0.280992687
1403715412.762143 24.845428467 -22.912975311 9.448287964 -0.724808872 -0.393115312 -0.494168788 0.275517195
1403715413.212143 24.828018188 -22.924875259 9.415555000 -0.720870852 -0.392135888 -0.501241744 0.274465710
1403715413.512143 24.813533783 -22.928939819 9.328121185 -0.722859740 -0.382000417 -0.498433560 0.288294166
1403715413.812143 24.807832718 -22.948566437 9.271349907 -0.719179273 -0.387349963 -0.504862607 0.279025167
1403715414.162143 24.792388916 -22.980478287 9.208906174 -0.721640527 -0.391745239 -0.501885295 0.271812171
1403715414.512143 24.766670227 -22.986974716 9.226645470 -0.731456935 -0.397638619 -0.489002585 0.260251462
1403715414.862143 24.744007111 -22.942611694 9.195654869 -0.726510406 -0.380739450 -0.498509943 0.280549556
1403715415.162143 24.734296799 -22.910566330 9.137255669 -0.733950257 -0.360170215 -0.493006557 0.297555059
1403715415.462143 24.753870010 -22.911081314 9.092810631 -0.727486789 -0.371503145 -0.511278868 0.267099947
1403715415.862143 24.762575150 -22.914745331 9.068046570 -0.723263085 -0.374845207 -0.521575093 0.253655314
1403715416.212143 24.758651733 -22.911045074 9.065313339 -0.724173248 -0.374611080 -0.521065354 0.252449304
1403715416.562143 24.759128571 -22.910934448 9.063893318 -0.725669801 -0.374481022 -0.518987358 0.252624989
1403715416.862143 24.759101868 -22.912021637 9.062788010 -0.726221621 -0.374324650 -0.518186271 0.252915323
1403715417.212143 24.758659363 -22.912555695 9.062424660 -0.726254880 -0.374096751 -0.518171072 0.253188074
1403715417.512143 24.757980347 -22.912977219 9.062590599 -0.726272047 -0.373970360 -0.518111944 0.253446609
1403715417.712143 24.757980347 -22.913368225 9.062660217 -0.726385713 -0.373835862 -0.518016696 0.253514022
1403715418.112143 24.757812500 -22.913839340 9.063170433 -0.726455212 -0.373790115 -0.517981946 0.253453195
1403715418.662143 24.757810593 -22.913993835 9.063015938 0.726517856 0.373633206 0.517953038 -0.253564268
