1403715277.862143 -0.368720591 -0.052979290 0.243329152 -0.586464763 -0.588745475 -0.392091155 0.394591480
1403715278.662143 -0.371618271 -0.031057896 0.261045516 -0.583044708 -0.577185094 -0.404451221 0.404147893
1403715279.412143 -0.396196574 0.070026577 0.364583135 -0.580456138 -0.571518242 -0.407302946 0.412967294
1403715279.912143 -0.397234499 0.091691054 0.398723125 -0.582309425 -0.573469996 -0.404182851 0.410711646
1403715282.412143 -0.473831922 0.556326270 0.528633237 -0.776565194 -0.280514807 -0.532083631 0.187470019
1403715283.112143 -0.465944409 0.808407605 0.431988597 -0.806649923 -0.132109523 -0.566876590 0.102537468
1403715283.612143 -0.468914032 0.962169766 0.366290092 -0.820075274 -0.041098569 -0.569086552 0.043908410
1403715284.062143 -0.462836862 1.071136117 0.319761157 -0.822312057 -0.017793000 -0.568165779 0.025960291
1403715284.262143 -0.453228921 1.116502047 0.298980325 -0.826334119 -0.013952793 -0.561804712 0.036779437
1403715284.662143 -0.400495112 1.171895504 0.273664683 -0.821035862 -0.033736635 -0.568912268 0.033180531
1403715285.662143 -0.310616702 1.221354723 0.377760202 0.823603690 -0.076094709 0.561928093 0.011113269
1403715286.312143 -0.232164651 1.111146569 0.580553889 0.826140881 -0.069268763 0.558105350 0.034808282
1403715286.612143 -0.158722907 1.051383495 0.640242040 0.822809219 -0.067111380 0.562708259 0.042902488
1403715288.412143 0.279214025 0.824681640 0.872881413 0.771310806 -0.261408150 0.554908872 0.169769660
1403715288.662143 0.291911900 0.786986232 0.865578532 0.769206882 -0.268968016 0.554606855 0.168488339
1403715289.162143 0.285951346 0.700026870 0.849400461 0.770739734 -0.278144509 0.538817346 0.195632041
1403715289.612143 0.287869811 0.638956428 0.704123378 0.754828990 -0.330929130 0.516222000 0.232881635
1403715291.362143 0.813277066 0.359396726 0.668750823 0.728387594 -0.372525275 0.534090221 0.213129178
1403715291.662143 0.873447835 0.267223895 0.640296340 0.723052382 -0.397217959 0.518343568 0.225240052
1403715291.812143 0.891144514 0.208137527 0.625391304 0.722009778 -0.403071404 0.510681748 0.235455975
1403715292.112143 0.921880066 0.070053101 0.588259935 0.728457868 -0.395099521 0.496273249 0.258763224
1403715292.412143 0.979802012 -0.075445935 0.547626913 0.750031829 -0.356010944 0.503746688 0.238637477
1403715292.562143 1.023410559 -0.149126351 0.531850517 0.762387574 -0.322481722 0.516084194 0.220063403
1403715293.612143 1.366746545 -0.461503625 0.733659983 0.803744495 -0.091436110 0.585505068 0.053086638
1403715296.512143 1.450021982 -1.071397305 0.428365350 -0.745998681 -0.373569369 -0.479994446 0.271177560
1403715296.912143 1.514558673 -1.165773511 0.434836715 -0.716197133 -0.403822303 -0.496404171 0.278517902
1403715297.362143 1.611353636 -1.228930235 0.407301575 -0.692908108 -0.471060216 -0.436756909 0.327450991
1403715297.762143 1.773356676 -1.208660364 0.365805149 -0.651011229 -0.528798163 -0.401697367 0.367690265
1403715299.862143 2.017177105 -0.981459916 0.448978692 -0.417400301 -0.711522877 -0.265079886 0.499244273
1403715300.862143 1.907709479 -0.646948278 0.476817429 -0.332390755 -0.730795562 -0.236176223 0.547425926
1403715301.112143 1.938527226 -0.616123915 0.479394168 -0.327922285 -0.729683399 -0.256123513 0.542613924
1403715304.012143 1.859118342 -1.419678926 0.329245389 -0.161056802 -0.794627786 -0.103578925 0.576106668
1403715304.312143 1.804863334 -1.468041420 0.313828081 -0.148964912 -0.797356427 -0.086197205 0.578448117
1403715304.712143 1.782603502 -1.512056231 0.248359933 -0.154012442 -0.798710167 -0.102847122 0.572507441
1403715305.112143 1.787550211 -1.560382366 0.215844795 -0.161280528 -0.801863432 -0.110280469 0.564660847
1403715305.362143 1.791584730 -1.594088793 0.238631308 -0.162096515 -0.805700302 -0.104611978 0.560025096
1403715308.062143 2.408624172 -1.630880594 0.504264832 -0.478349268 -0.679013014 -0.333923042 0.445666641
1403715308.262143 2.445111752 -1.645658255 0.455221444 -0.506723344 -0.657343566 -0.356573611 0.428936124
1403715308.512143 2.463179827 -1.649611712 0.396082729 -0.533849299 -0.634160817 -0.370027423 0.419433683
1403715308.912143 2.457430840 -1.607731223 0.390716314 -0.549205422 -0.624453247 -0.359336019 0.423449308
1403715311.312143 3.095189095 -1.338425279 0.517724454 -0.586198688 -0.584021032 -0.379415870 0.413925290
1403715313.362143 3.806019068 -0.856321216 0.647134304 -0.558546960 -0.584839761 -0.418189317 0.413648993
1403715313.762143 3.832872868 -0.866024733 0.718041956 -0.573331177 -0.581557870 -0.420315415 0.395495445
1403715314.162143 3.820122242 -0.893161178 0.784503460 -0.593613923 -0.563958168 -0.427502006 0.383165449
1403715315.512143 3.499863386 -0.874451339 0.812932730 -0.666780591 -0.475649714 -0.467976630 0.331902057
1403715317.462143 3.114434004 -0.694866061 0.590662539 -0.804888427 -0.168012038 -0.557065070 0.116641283
1403715317.912143 3.035089970 -0.579990804 0.534950614 -0.820303917 -0.049903814 -0.565557778 0.068960942
1403715318.112143 3.005070686 -0.550818503 0.512633204 -0.822214961 -0.010256427 -0.566914439 0.049652986
1403715318.412143 2.973816395 -0.548249245 0.478952259 0.823673427 -0.013731254 0.566384673 -0.024126133
1403715318.612143 2.958977938 -0.572047532 0.455557287 0.829901814 -0.022782708 0.557344735 0.010530419
1403715318.812143 2.957983494 -0.600263894 0.428375244 0.842215180 -0.049300373 0.535775483 0.034465078
1403715319.662143 3.254706383 -0.682557106 0.365658939 0.802525938 -0.175467476 0.552662313 0.140455782
1403715319.812143 3.334421635 -0.673175335 0.382640451 0.800115466 -0.186880916 0.551155746 0.145321101
1403715319.962143 3.419392109 -0.658865392 0.423343182 0.798856020 -0.193710938 0.549943507 0.147876367
1403715320.312143 3.629052639 -0.607964575 0.516425073 0.776769876 -0.236234173 0.554068625 0.183929116
1403715320.662143 3.816850662 -0.524755478 0.590094388 0.732073009 -0.344242930 0.545170665 0.219897375
1403715320.812143 3.878531933 -0.484048814 0.617747962 0.710950673 -0.385907471 0.543286622 0.224642634
1403715320.962143 3.921777725 -0.446007401 0.638766825 0.701891065 -0.412367970 0.535556972 0.224678516
1403715321.362143 3.944661379 -0.399788052 0.679958701 0.704913080 -0.423495770 0.515582621 0.240672961
1403715321.812143 3.847592354 -0.441585302 0.717874050 0.700151861 -0.415845811 0.524689674 0.248113781
1403715322.012143 3.760187864 -0.482650399 0.736585557 0.685460091 -0.428207189 0.530881882 0.254848182
1403715322.212143 3.637759209 -0.529772878 0.755498946 0.693278968 -0.436380744 0.505421758 0.271081328
1403715322.412143 3.498335838 -0.586489081 0.768245399 0.695648193 -0.446413100 0.477291882 0.298297465
1403715322.612143 3.364602327 -0.649552941 0.740069032 0.689480603 -0.466950059 0.455982238 0.314093053
1403715323.012143 3.162825584 -0.820024788 0.677275836 0.684161127 -0.473548830 0.447286308 0.328039825
1403715324.262143 3.146655083 -1.428352356 0.780591428 0.643161058 -0.451382041 0.509738624 0.350378036
1403715325.112143 3.129798174 -1.368095756 0.884857774 0.663307309 -0.458179772 0.488138467 0.334388375
1403715325.512143 3.097255945 -1.305599451 0.892875791 0.669827461 -0.465417147 0.485055983 0.315339178
1403715325.812143 3.056319952 -1.255941629 0.892490864 0.665656745 -0.482536107 0.488601178 0.292111307
1403715326.212143 2.940571070 -1.242949843 0.879869819 0.672626853 -0.473273903 0.473363250 0.315455705
1403715326.612143 2.818452835 -1.254708648 0.844700873 0.654323995 -0.458717942 0.491342723 0.346439481
1403715327.012143 2.698268414 -1.193673253 0.799060345 0.656713068 -0.482625514 0.479592502 0.325256199
1403715327.412143 2.545332193 -1.128124833 0.765872300 0.654842556 -0.501750827 0.474950492 0.306348324
1403715327.862143 2.310478210 -1.137092352 0.735206783 0.687191784 -0.459086925 0.478080273 0.297398478
1403715328.062143 2.206481934 -1.162738562 0.717736304 0.703618944 -0.424953163 0.491228461 0.288149059
1403715328.312143 2.083060980 -1.200582266 0.705216885 0.703185201 -0.401407480 0.505469501 0.298166543
1403715328.512143 1.991340041 -1.213352323 0.698762119 0.698978722 -0.401480377 0.504866004 0.308791965
1403715328.912143 1.856682777 -1.179589868 0.680629253 0.723970890 -0.387469649 0.500253439 0.274736136
1403715329.112143 1.822398186 -1.149481654 0.671871305 0.745567501 -0.342126578 0.520672023 0.236599103
1403715330.012143 1.739629030 -1.054969907 0.558916748 0.778840601 -0.258130521 0.546727002 0.166929618
1403715330.512143 1.734400153 -1.040307999 0.463580191 0.785202384 -0.248808816 0.543205202 0.162725240
1403715331.912143 1.639550805 -1.201945186 0.810419619 0.807637870 -0.132293254 0.567137718 0.092598446
1403715332.412143 1.601178527 -1.322313547 0.840842485 0.808990836 -0.161794946 0.561005056 0.068040922
1403715333.712143 1.587354779 -1.931986570 0.869075954 0.802020073 -0.095228009 0.586872458 0.057238989
1403715333.962143 1.527454495 -2.035657167 0.846031666 0.818083107 -0.087818652 0.566500485 0.045881949
1403715334.762143 1.438442469 -2.410015345 0.851352692 0.821873963 -0.046989508 0.567321777 0.021477364
1403715335.012143 1.439923644 -2.535081625 0.849470973 0.821792960 -0.045347381 0.567396104 0.025720347
1403715335.262143 1.452634096 -2.651956081 0.845617235 0.823005795 -0.040492069 0.565997779 0.025854560
1403715335.512143 1.477753878 -2.757047892 0.841122389 0.823596776 -0.025314378 0.566444397 0.013721124
1403715336.012143 1.564713240 -2.948981762 0.827005804 -0.820453107 -0.013836984 -0.571262240 0.018021667
1403715336.512143 1.660323501 -3.132506847 0.811012447 -0.819312751 -0.029770909 -0.571988642 0.025873128
1403715336.762143 1.705696821 -3.216300011 0.809260428 -0.819582760 -0.029171031 -0.571660936 0.025238832
1403715337.012143 1.757878184 -3.292231321 0.819553375 -0.818098307 -0.030647639 -0.573839843 0.021995978
1403715337.312143 1.823072314 -3.359362125 0.847369909 -0.822957814 -0.053065963 -0.564131975 0.040982500
1403715337.562143 1.892167687 -3.406430960 0.867781639 -0.822140396 -0.065771535 -0.560654700 0.073659301
1403715337.812143 1.977753162 -3.465215445 0.885525227 -0.817275047 -0.079481520 -0.565956891 0.073736429
1403715338.062143 2.071104050 -3.529478312 0.903842390 -0.815321326 -0.077428244 -0.569936633 0.066545703
1403715338.662143 2.292741776 -3.681901932 0.945152402 -0.809295654 -0.114675663 -0.566859782 0.102762438
1403715339.162143 2.481036425 -3.839992285 0.971991539 -0.805111945 -0.176634356 -0.552772462 0.122628137
1403715339.412143 2.581665277 -3.911672115 0.965956450 -0.801016927 -0.179888129 -0.556708634 0.126837388
1403715339.662143 2.682340145 -3.975782633 0.949095547 -0.802949011 -0.173999399 -0.556285799 0.124672845
1403715339.912143 2.779731274 -4.029291630 0.922228336 -0.799121857 -0.184858739 -0.564100623 0.094984561
1403715340.562143 2.937402487 -3.944502354 0.936409831 -0.775758862 -0.277869374 -0.534280837 0.188496277
1403715340.812143 2.984359741 -3.874456167 0.962406039 -0.772376001 -0.297462523 -0.520123839 0.210766599
1403715341.012143 3.033947706 -3.818993330 0.979437172 -0.776929736 -0.290191621 -0.512694001 0.222067192
1403715341.262143 3.120560169 -3.755466938 1.003798246 -0.771184564 -0.282146484 -0.529583633 0.212623969
1403715341.512143 3.214813232 -3.702163458 1.031274438 -0.767017901 -0.273293883 -0.545955360 0.197298974
1403715342.112143 3.357918978 -3.571921349 1.069079876 -0.773932517 -0.274098188 -0.540132701 0.184811831
1403715342.312143 3.379293680 -3.518231153 1.073923230 -0.780854106 -0.272849292 -0.526016712 0.197804317
1403715342.512143 3.410417557 -3.460379839 1.073215485 -0.776276469 -0.296062469 -0.517096281 0.205799282
1403715342.762143 3.463269234 -3.373173475 1.075682878 -0.750108242 -0.348307788 -0.521129966 0.210814834
1403715343.012143 3.509115696 -3.264602661 1.077875853 -0.739569485 -0.359881818 -0.514220595 0.243103400
1403715343.262143 3.556172848 -3.148723125 1.068747163 -0.735291302 -0.365240604 -0.511431694 0.253739178
1403715343.512143 3.604376078 -3.033107519 1.047970295 -0.739674270 -0.370192796 -0.504326999 0.247979030
1403715343.762143 3.654915810 -2.906251669 1.030729055 -0.737333238 -0.369910270 -0.511775017 0.239984408
1403715344.012143 3.699443102 -2.763852358 1.023675919 -0.731442153 -0.368540287 -0.518871486 0.244832471
1403715344.262143 3.723466158 -2.611868620 1.019062757 -0.711969554 -0.393447459 -0.518098712 0.264333516
1403715344.512143 3.718607903 -2.465246916 1.010802627 -0.683732212 -0.420956284 -0.530966699 0.270888239
1403715344.762143 3.663484573 -2.328706980 0.989948213 -0.683854043 -0.438422889 -0.517181695 0.269540668
1403715345.262143 3.414828539 -2.052281380 0.949955881 -0.689232051 -0.426915675 -0.505226910 0.295716137
1403715345.512143 3.256412029 -1.928395271 0.928740382 -0.692294240 -0.426028162 -0.500935078 0.297141165
1403715346.862143 2.403338909 -1.352737427 0.872181952 -0.711189330 -0.399040401 -0.495414346 0.299234331
1403715349.312143 1.767194510 -0.728326380 0.717406154 -0.554386377 -0.590103984 -0.380406529 0.446904838
1403715349.562143 1.851643324 -0.699485242 0.658494830 -0.541757166 -0.598575830 -0.388594151 0.444072872
1403715350.512143 2.180260897 -0.708281815 0.461065263 -0.481845796 -0.686740339 -0.333414793 0.430170834
1403715350.762143 2.217093229 -0.675830603 0.416556060 -0.487866282 -0.681701481 -0.332366467 0.432206303
1403715351.162143 2.188946009 -0.569806159 0.375670135 -0.479679525 -0.679725528 -0.341015875 0.437708676
1403715353.062143 1.367000818 -0.088081732 0.469413549 -0.414825201 -0.694832504 -0.286607623 0.512819707
1403715353.612143 1.257854581 -0.015178032 0.548169196 -0.402311772 -0.709526002 -0.280247062 0.506142020
1403715355.012143 1.084731221 0.072483137 0.444097519 -0.397845507 -0.718513429 -0.258125722 0.508752048
1403715356.012143 1.021989703 0.262052417 0.643180788 -0.274757564 -0.775877893 -0.194525644 0.533555508
1403715356.312143 0.993934155 0.312083453 0.681196570 -0.272489250 -0.779230297 -0.215303659 0.521722257
1403715356.562143 0.939769864 0.334685713 0.693528235 -0.297740638 -0.776198745 -0.205885202 0.516214430
1403715356.812143 0.857276261 0.356529146 0.694101572 -0.293263167 -0.775771856 -0.185891166 0.526895940
1403715357.462143 0.608591199 0.494956672 0.765617549 -0.181746975 -0.801227689 -0.129821867 0.555111289
1403715357.862143 0.452022612 0.591945052 0.806727946 -0.158671036 -0.806361139 -0.143100604 0.551477611
1403715358.262143 0.254806519 0.624066472 0.806441426 -0.167468846 -0.811228156 -0.133765414 0.544031262
1403715358.462143 0.128019109 0.622172117 0.801795542 -0.159450546 -0.814167440 -0.132587507 0.542335272
1403715359.062143 -0.304151356 0.547129691 0.764087737 -0.122503310 -0.800956964 -0.080066614 0.580560327
1403715359.262143 -0.423247099 0.518171966 0.744655907 -0.116323076 -0.799378872 -0.078509025 0.584207833
1403715360.062143 -0.730817139 0.311547190 0.731640458 -0.124706514 -0.806035697 -0.083192229 0.572567821
1403715360.262143 -0.780891180 0.243096590 0.739905357 -0.123655997 -0.808393717 -0.084143661 0.569323003
1403715360.462143 -0.823828518 0.180294752 0.748808026 -0.150299534 -0.804088354 -0.075950399 0.570161045
1403715360.662143 -0.856806457 0.137508824 0.758875072 -0.189441189 -0.795510888 -0.088003434 0.568796754
1403715360.862143 -0.874538541 0.121743426 0.775128961 -0.221606493 -0.788311839 -0.133154079 0.558323324
1403715361.262143 -0.892632127 0.116144568 0.809835434 -0.305749267 -0.762397647 -0.212021634 0.529446900
1403715361.462143 -0.905212522 0.112057924 0.822558880 -0.346659869 -0.745084167 -0.246709555 0.513625324
1403715361.862143 -0.963796973 0.092639565 0.818358123 -0.402039886 -0.724156380 -0.277812064 0.486602455
1403715362.012143 -0.998082340 0.089274697 0.810030639 -0.426422477 -0.710742950 -0.291878402 0.477300137
1403715362.162143 -1.038098216 0.091325685 0.798633754 -0.452094078 -0.693820715 -0.312628806 0.465281665
1403715362.312143 -1.083358407 0.099335909 0.783693790 -0.480072230 -0.673338234 -0.337449372 0.449749202
1403715362.612143 -1.197191238 0.124689505 0.749463260 -0.540640652 -0.623999178 -0.381971031 0.415248007
1403715362.962143 -1.368128419 0.171576157 0.727281511 -0.615864158 -0.539117575 -0.401810676 0.410623729
1403715363.162143 -1.444975376 0.199980661 0.727467179 -0.646355152 -0.496884674 -0.410311997 0.408625305
1403715363.362143 -1.481419325 0.217140138 0.736613870 -0.669062078 -0.471216410 -0.423763782 0.388246596
1403715363.562143 -1.479636431 0.222812176 0.754167676 -0.685229301 -0.447165012 -0.445325434 0.363578886
1403715363.962143 -1.404129624 0.209983319 0.796978533 -0.715966582 -0.388494104 -0.498898149 0.295913666
1403715364.362143 -1.317208409 0.164288759 0.838924646 -0.750669181 -0.318637311 -0.521320045 0.251379251
1403715364.612143 -1.266096830 0.121056855 0.874762297 -0.757808387 -0.307708025 -0.517238915 0.252004355
1403715365.162143 -1.126145244 -0.022037603 0.969543576 -0.768289030 -0.284358501 -0.540198088 0.192505494
1403715365.662143 -1.048602462 -0.122555844 1.040393591 -0.784378350 -0.212189198 -0.560559034 0.159687176
1403715365.912143 -1.030499101 -0.178237841 1.063701153 -0.798290491 -0.154725105 -0.565482378 0.137920856
1403715367.412143 -0.894855678 -0.839500725 1.124752283 -0.820139408 -0.146463022 -0.540224552 0.118648283
1403715368.362143 -0.434941858 -1.242282152 1.186425209 -0.804467797 -0.143545568 -0.560397983 0.134834677
1403715369.212143 -0.002670716 -1.733484626 1.164948344 -0.804713130 -0.180217892 -0.550322473 0.130780563
1403715369.962143 0.374916583 -2.085448742 1.156815886 -0.767484426 -0.321511060 -0.515884280 0.203621849
1403715370.462143 0.640863717 -2.187533379 1.140176296 -0.759874761 -0.310985655 -0.525142968 0.223837599
1403715370.962143 0.893145442 -2.254509926 1.135708809 -0.765153706 -0.304576606 -0.525343418 0.213979527
1403715371.462143 1.176544547 -2.270816326 1.110763907 -0.780165792 -0.310074657 -0.505460441 0.199260578
1403715372.962143 2.316291571 -2.106243610 1.131849766 -0.737804711 -0.352877766 -0.514729023 0.257246256
1403715373.962143 2.987699509 -2.008897066 1.172265649 -0.704175115 -0.413817197 -0.504468083 0.280008465
1403715375.962143 3.409583330 -1.280086040 1.153151035 -0.649847567 -0.496353865 -0.463462740 0.341369897
1403715376.312143 3.386759281 -1.096662045 1.124068856 -0.647398531 -0.488683760 -0.463777870 0.356333375
1403715376.612143 3.353759050 -0.970035315 1.089748263 -0.638798177 -0.497611493 -0.470904380 0.350098222
1403715376.912143 3.292730331 -0.872380018 1.056984901 -0.631316423 -0.502137601 -0.472214878 0.355401844
1403715377.512143 3.063814402 -0.779161274 1.003782511 -0.622636914 -0.514640391 -0.463422030 0.364292055
1403715377.812143 2.903619528 -0.775802493 0.977303267 -0.625586212 -0.517446697 -0.456856400 0.363556087
1403715378.112143 2.722467422 -0.793307126 0.949031472 -0.628807604 -0.513764083 -0.450967252 0.370507747
1403715378.812143 2.349099398 -0.884302914 0.891513824 -0.643514752 -0.524319053 -0.428268701 0.357161343
1403715379.162143 2.210558891 -0.889726698 0.901870668 -0.641999543 -0.526586473 -0.430956990 0.353297919
1403715380.612143 1.437441945 -0.542909563 1.003784299 -0.632583380 -0.519504011 -0.450218111 0.356731832
1403715380.962143 1.198722363 -0.453817755 1.029198050 -0.628573596 -0.520565987 -0.453239202 0.358441919
1403715383.862143 -0.452905238 0.391815811 0.946163714 -0.769841373 -0.288993120 -0.525204837 0.219059795
1403715384.712143 -0.508480847 0.704416394 0.909511924 -0.823919833 -0.091327295 -0.551735461 0.091670409
1403715386.212143 -0.132516682 0.748581767 1.021309376 -0.811503351 -0.012747299 -0.583818436 0.021350451
1403715386.712143 -0.045506272 0.631291747 1.038735271 0.806373775 0.000058947 0.590483248 -0.033028893
1403715387.212143 -0.045729093 0.410086513 1.005849123 0.821110606 -0.001881668 0.569211423 -0.042097218
1403715387.712143 -0.043464635 0.063756667 0.975548744 -0.829279780 -0.017494872 -0.557637751 0.032080699
1403715388.712143 0.167589962 -0.699188709 0.893018007 -0.819877684 -0.035392877 -0.570210099 0.037529461
1403715389.212143 0.318402946 -1.070104837 0.861105621 -0.816476822 -0.046363138 -0.574516237 0.033870772
1403715389.712143 0.465072513 -1.389450192 0.903989792 -0.815610945 -0.055867784 -0.574277043 0.043169361
1403715390.212143 0.617733240 -1.658064008 0.891636729 -0.821520269 -0.130540997 -0.548218369 0.086719170
1403715392.212143 1.942707539 -1.845764875 0.910491884 -0.764331460 -0.328993410 -0.506085455 0.226800218
1403715392.662143 2.380696297 -1.776491404 1.011481404 -0.711256981 -0.381630003 -0.520578921 0.278333694
1403715393.112143 2.744776011 -1.727123260 1.056579947 -0.673243642 -0.471668035 -0.472809643 0.317369491
1403715393.562143 3.004180908 -1.655641437 1.072640657 -0.585896909 -0.564747095 -0.447023779 0.371423244
1403715394.012143 3.112071037 -1.601456046 1.060552835 -0.518022001 -0.636765301 -0.365005612 0.439265400
1403715394.462143 3.144253492 -1.563848972 1.046078324 -0.412732452 -0.702119291 -0.304091066 0.494175225
1403715394.862143 3.130795002 -1.578692913 1.034044147 -0.312301189 -0.755271852 -0.228426769 0.529012084
1403715395.262143 3.089553833 -1.638139844 1.019901395 -0.193527430 -0.800800204 -0.140506521 0.549112141
1403715395.612143 3.028251648 -1.705392838 0.990419567 -0.116250128 -0.818355799 -0.081499018 0.556900024
1403715395.962143 2.942581654 -1.775512218 0.938402474 -0.068850927 -0.823920488 -0.042441189 0.560903966
1403715396.312143 2.839329004 -1.822546721 0.894182205 -0.073706895 -0.818256319 -0.025235044 0.569549978
1403715396.662143 2.735384464 -1.832607627 0.858288109 -0.049170751 -0.816643417 -0.044605736 0.573311508
1403715396.962143 2.653109312 -1.858508110 0.812636197 -0.030972458 -0.824734747 -0.022684468 0.564215183
1403715397.262143 2.555738211 -1.885513783 0.753523052 -0.031344935 -0.836683214 -0.000305681 0.546789289
1403715397.562143 2.412123919 -1.883570194 0.702337503 -0.040550973 -0.834772170 0.017607214 0.548817933
1403715397.862143 2.232541084 -1.822999358 0.679443955 -0.035967108 -0.821993291 0.010908600 0.568255603
1403715398.212143 2.026388407 -1.711790800 0.668337882 -0.027347688 -0.803349018 -0.011791384 0.594763398
1403715398.712143 1.838596106 -1.570498705 0.619121253 -0.029300466 -0.803496361 -0.035834681 0.593507469
1403715399.212143 1.788609385 -1.547110915 0.594999731 -0.024519576 -0.800206721 -0.042861063 0.597687960
1403715399.712143 1.874804497 -1.679359913 0.580823600 -0.028744256 -0.826208115 -0.033800684 0.561615050
1403715400.212143 1.923623800 -1.893010974 0.606175780 -0.056360267 -0.830144882 -0.058793187 0.551567316
1403715400.562143 1.877300978 -2.086029530 0.632101059 -0.119385540 -0.823290288 -0.109366573 0.544039667
1403715400.862143 1.789196372 -2.281853199 0.635058165 -0.213577643 -0.807257295 -0.138181731 0.532565415
1403715401.162143 1.660758972 -2.458982468 0.628581166 -0.272942871 -0.796623707 -0.156380713 0.516176403
1403715401.462143 1.485058188 -2.581248283 0.643609464 -0.278801173 -0.792515099 -0.177658662 0.512471497
1403715401.762143 1.267561197 -2.653274059 0.678859293 -0.292927712 -0.770423591 -0.172259405 0.539414167
1403715402.012143 1.094183445 -2.678581953 0.707007766 -0.299623638 -0.762884498 -0.190369755 0.540363252
1403715402.262143 0.937406659 -2.690428495 0.728852391 -0.290720314 -0.751564980 -0.209756464 0.553745389
1403715402.512143 0.808331132 -2.710344791 0.734740496 -0.302496672 -0.749998450 -0.243833125 0.535297573
1403715402.762143 0.681667030 -2.757556200 0.738054335 -0.320112497 -0.739375234 -0.262253135 0.531107843
1403715403.012143 0.555718958 -2.839467764 0.734465599 -0.354836971 -0.738573432 -0.234801099 0.522942126
1403715403.262143 0.438777030 -2.907078505 0.739044785 -0.372386724 -0.748519719 -0.218261048 0.503396988
1403715403.512143 0.323757470 -2.928637505 0.754576564 -0.372880399 -0.745780766 -0.234900162 0.499593019
1403715403.762143 0.207874268 -2.910899401 0.763085485 -0.409638733 -0.730121136 -0.252990842 0.484886438
1403715403.962143 0.113709904 -2.867200375 0.769823611 -0.448258519 -0.709420443 -0.269796103 0.472225577
1403715404.212143 0.000559036 -2.774058104 0.787913084 -0.476363242 -0.680154204 -0.316880375 0.458317816
1403715404.462143 -0.122007474 -2.664025545 0.797930717 -0.488040179 -0.664487720 -0.352128446 0.443033308
1403715404.712143 -0.270564198 -2.558492899 0.793423951 -0.494635433 -0.653326869 -0.358249366 0.447389454
1403715404.962143 -0.432154804 -2.461187840 0.778455973 -0.511823595 -0.635840356 -0.356784403 0.454366088
1403715405.212143 -0.579018652 -2.375331402 0.758833051 -0.554629326 -0.596463621 -0.370147437 0.446775556
1403715405.462143 -0.692286134 -2.303454399 0.736683965 -0.606933355 -0.552670896 -0.398109972 0.409506202
1403715405.712143 -0.774688423 -2.237233162 0.716586590 -0.650166929 -0.511979282 -0.430695504 0.360085577
1403715405.962143 -0.841975152 -2.161895752 0.695006907 -0.687379897 -0.466717035 -0.457105815 0.317393214
1403715406.212143 -0.900733590 -2.070412397 0.665450871 -0.716027617 -0.404539675 -0.490217954 0.288684279
1403715406.462143 -0.952372372 -1.977622032 0.620624661 -0.749758840 -0.345918268 -0.501917303 0.257451624
1403715406.762143 -0.988171816 -1.871804357 0.559620142 -0.779323637 -0.280663192 -0.516003907 0.218226716
1403715407.062143 -0.984893441 -1.778987050 0.504800141 -0.796533942 -0.221466884 -0.535974145 0.170932204
1403715407.362143 -0.951561511 -1.692209601 0.462382555 -0.821165919 -0.182037055 -0.524381995 0.132562220
1403715407.612143 -0.880160093 -1.608050823 0.449355692 -0.819553435 -0.173330501 -0.532249629 0.122471221
1403715407.862143 -0.776571274 -1.508187652 0.454445362 -0.806998134 -0.184877619 -0.549984038 0.109963246
1403715408.162143 -0.643315554 -1.360378861 0.496641666 -0.804623365 -0.181502759 -0.551953554 0.122414798
1403715411.012143 -0.084580377 -0.515781999 0.739498913 -0.735502839 -0.335138917 -0.537957788 0.239413857
1403715411.362143 -0.094939776 -0.439408600 0.717951953 -0.740501463 -0.337585270 -0.521028221 0.257339001
1403715411.862143 -0.118383840 -0.402486414 0.692533314 -0.734904766 -0.349286169 -0.521116138 0.257589132
1403715412.312143 -0.155131444 -0.422865450 0.667695582 -0.738301992 -0.351201594 -0.515905261 0.255752861
1403715412.662143 -0.185215116 -0.449769080 0.648176134 -0.743365705 -0.352270603 -0.509900153 0.251624227
1403715413.012143 -0.203129604 -0.465028465 0.638620853 -0.743891060 -0.353748620 -0.509884179 0.248004377
1403715413.362143 -0.217997402 -0.465663493 0.566911161 -0.740877569 -0.347936094 -0.514955521 0.254679859
1403715413.712143 -0.230966240 -0.477881402 0.484859794 -0.738819420 -0.345937639 -0.518452823 0.256280690
1403715414.062143 -0.243704498 -0.505921662 0.411652297 -0.737486959 -0.351047039 -0.520954311 0.247962922
1403715414.362143 -0.269862771 -0.523564935 0.414430827 -0.752926767 -0.356904387 -0.500030100 0.235988468
1403715414.662143 -0.283871055 -0.500294983 0.414798677 -0.745271325 -0.354583174 -0.511678278 0.238802925
1403715414.962143 -0.300047100 -0.455606043 0.372058272 -0.748241723 -0.332118064 -0.510260999 0.263563603
1403715415.262143 -0.297819525 -0.434453398 0.312627286 -0.751825333 -0.318241477 -0.510863721 0.269256890
1403715415.662143 -0.273254305 -0.446339190 0.269833058 -0.742184460 -0.335919470 -0.533634901 0.227055311
1403715415.812143 -0.273396760 -0.446954727 0.260066390 -0.743339181 -0.335796893 -0.532773674 0.225476339
1403715416.112143 -0.278710663 -0.442825437 0.260349154 -0.741905451 -0.335899353 -0.535292089 0.224076852
1403715416.562143 -0.277806163 -0.442225397 0.258348405 -0.744491041 -0.334928602 -0.531918287 0.224986255
1403715417.012143 -0.278162241 -0.443096220 0.256852269 -0.744954407 -0.334553987 -0.531268954 0.225543678
1403715417.312143 -0.278426409 -0.442941576 0.256752014 -0.745010257 -0.334453970 -0.531208754 0.225649327
1403715417.562143 -0.278564155 -0.443070471 0.256699651 -0.745106757 -0.334342360 -0.531079113 0.225801021
1403715417.862143 -0.278330117 -0.443146765 0.256606877 -0.745226920 -0.334232837 -0.530968487 0.225826830
1403715418.212143 -0.278270632 -0.442973256 0.256644964 -0.745257258 -0.334194571 -0.530953526 0.225818664
1403715418.612143 -0.277889967 -0.442964911 0.256462455 -0.745356202 -0.334044367 -0.530869782 0.225911245
